	E-DS-623	E-JT-526	E-LS-526	E-CR-2016	E-TL-2016	E-VP-2016	E-DS-428	E-TL-Aug-2014	E-SOG-3619	E-SOG-6527	E-SOG-5527	E-TL-Jul-2014	E-SOG-5619	E-CB-2016	E-SOG-2527	E-LH-2016	E-BP-2016	E-PM-Aug-2013	E-TI-2014	E-SOG-6424	E-SOG-1619	E-JP-2016	E-SOG-2619	E-FR-2014	E-LS-428	E-SOG-7424	E-WV-Aug-2014	E-WC-2016	E-SOG-1527	E-WV-7-2014	E-LS-623	E-TB-2016	E-PM-Jula-2014	E-PM-7-2014	E-MT-526	E-Tca-2014	E-WP-526	E-PM-2016	E-SOG-4424	E-WP-623	E-SOG-4527	E-WP-428	E-JT-428	E-DU-2016	E-SOG-1424	E-JT-623	E-DU-7-2014	E-BL-2016	E-DU-Jula-2014	E-MT-623	E-MT-428	E-TC-2014	E-TL-7-2014	E-SOG-3527	E-SOG-3424	E-SOG-2424	E-SOG-6619	E-SOG-5424
E-DS-623	0.0	0.598630813331	0.602920845273	0.752771813637	0.70299504682	0.81589651663	0.597739883326	0.727665388487	0.750951571428	0.861269143943	0.787812016803	0.761766790039	0.785933247636	0.886662536308	0.604586868279	0.785333891056	0.755266172136	0.89975176997	0.866440853666	0.783482524021	0.594878945098	0.795009495255	0.630249723597	0.648851372487	0.616508387622	0.852648525457	0.870908407677	0.744595046005	0.676171549142	0.850824193102	0.530985231936	0.862939541447	0.897040777106	0.901195386035	0.584973020586	0.724253357189	0.598107882968	0.845393926512	0.712256894992	0.546210861366	0.679925574713	0.644903247792	0.621617988001	0.752265759083	0.7649656751	0.587598215982	0.816643480666	0.699584283335	0.839997230026	0.530189592283	0.600750701128	0.916001553058	0.722659819759	0.614245170698	0.670859507008	0.69590367019	0.866472035352	0.787823230373
E-JT-526	0.598630813331	0.0	0.613008643838	0.766076571444	0.748704204427	0.839875842225	0.623281219262	0.779918546104	0.777180099372	0.868984046249	0.807740948502	0.768621321952	0.805358009976	0.893465554311	0.635318303428	0.798252365824	0.785414952684	0.910042594406	0.886580057331	0.796089487136	0.615483162206	0.824430918788	0.67307063053	0.66319025009	0.614905407825	0.869603452333	0.882963088699	0.770983607434	0.694289793734	0.874286797707	0.598094357951	0.878829476972	0.903011430603	0.900246434199	0.635051559681	0.755917771615	0.603155286706	0.873038031646	0.710555441658	0.590126682364	0.707546931216	0.658443441527	0.647850947415	0.764555871711	0.786294440413	0.630933657927	0.846934094164	0.730077597064	0.867321731334	0.60204195344	0.624371818144	0.920832954985	0.761272263393	0.617943946916	0.684260212392	0.70318206568	0.890012775319	0.794066652433
E-LS-526	0.602920845273	0.613008643838	0.0	0.76149050381	0.692303809416	0.815537235696	0.577910415706	0.7730931237	0.757016894483	0.852326597127	0.788043173347	0.729712527927	0.78802230519	0.875592334025	0.635585088795	0.775296296596	0.759092844855	0.903995963055	0.861331274967	0.783480167401	0.61905860252	0.812448211215	0.638295772974	0.651988860188	0.580909623676	0.849390908792	0.880494948785	0.757144696004	0.666893690999	0.855648821558	0.598506742065	0.866888139679	0.892252100811	0.886910258673	0.616185779166	0.741270622926	0.592981563579	0.852514874681	0.6956948546	0.583922475876	0.685427423078	0.598257549188	0.621224539404	0.746825463618	0.77258085699	0.572183684641	0.817518306646	0.678374571932	0.849127970927	0.595236747442	0.559239673732	0.89902713943	0.679744832465	0.586674200238	0.662964349702	0.695096169343	0.875572667287	0.778451292168
E-CR-2016	0.752771813637	0.766076571444	0.76149050381	0.0	0.702379595079	0.853703806152	0.782695919054	0.748174030237	0.820693338378	0.866601124677	0.809746274733	0.751517159825	0.811198739566	0.876564526192	0.779910453685	0.832877937511	0.813649943068	0.902427862962	0.872037739727	0.803085351043	0.777813936848	0.836169005894	0.782833967881	0.76405237694	0.735795235071	0.868075113572	0.871194273715	0.808451249417	0.798611129734	0.868277144378	0.763560676185	0.883468367582	0.89612944195	0.894027488614	0.779654606176	0.732473519336	0.762326158218	0.866312254624	0.805653319298	0.785771396167	0.794698878106	0.783866740885	0.779408623725	0.811752791194	0.82764388083	0.788562432101	0.852083014863	0.72452508504	0.864785648483	0.792598212849	0.789831474409	0.894538381082	0.75650290074	0.765547117819	0.78200797351	0.798457968136	0.888374189616	0.82792151887
E-TL-2016	0.70299504682	0.748704204427	0.692303809416	0.702379595079	0.0	0.845056444163	0.710317305358	0.689094887931	0.807393698059	0.864542463697	0.787287143052	0.670180782761	0.804957342226	0.880793575665	0.75087804176	0.802436397302	0.791278806748	0.904353662989	0.869511438249	0.81423014096	0.756593777725	0.827654053087	0.754743792463	0.753503284652	0.734570846365	0.869969646529	0.878031605513	0.768179837312	0.762075159636	0.852513783304	0.728584778546	0.882154452621	0.89109156897	0.893098892181	0.766870032548	0.638981485829	0.730384236485	0.862493927868	0.801801473907	0.740850727833	0.774423846656	0.753095567843	0.762928405368	0.774333225098	0.832464057721	0.742118166622	0.846688532057	0.615728822122	0.864108799847	0.74675154468	0.750439023896	0.908418603563	0.633280893783	0.74119342533	0.788718044932	0.794829352432	0.888286981725	0.828667615531
E-VP-2016	0.81589651663	0.839875842225	0.815537235696	0.853703806152	0.845056444163	0.0	0.822570181764	0.871332092794	0.719865408339	0.653356862735	0.672620839605	0.871882057407	0.61992152796	0.65872522131	0.743220912106	0.57876464202	0.614780447941	0.685330940354	0.689183089227	0.646107321637	0.717533422543	0.557760598378	0.728323903104	0.855488393652	0.81617790856	0.639270893941	0.666648226495	0.62176912587	0.667802444791	0.638006660298	0.825463536907	0.5675698424	0.651341193958	0.690414622296	0.832427030134	0.853089417577	0.826328108923	0.582693556578	0.689194451052	0.80809608816	0.656992340126	0.764991217706	0.740728859516	0.652329039454	0.653930632523	0.777769509316	0.672912247728	0.800036961666	0.653766616136	0.827702117135	0.827778787049	0.738618882408	0.859155583789	0.816902885827	0.710308431891	0.66998030548	0.664032638084	0.635975443208
E-DS-428	0.597739883326	0.623281219262	0.577910415706	0.782695919054	0.710317305358	0.822570181764	0.0	0.770845559258	0.767970964813	0.862301964102	0.794269026392	0.755198498768	0.795040691853	0.872418359427	0.626962434344	0.755583009073	0.747517188341	0.892815770482	0.854451267267	0.776221870834	0.606983663797	0.806820636011	0.639015146543	0.682802971855	0.591659018979	0.837685740042	0.869362146375	0.750104870463	0.689308683468	0.840381305049	0.612210180459	0.85684065792	0.902171749534	0.888903311921	0.632702186184	0.721430113982	0.616897665726	0.846066089251	0.676040022504	0.604356615699	0.683890211832	0.580976531233	0.615003545196	0.75003053673	0.773923462154	0.613682926078	0.811834945232	0.687655084404	0.842754491919	0.618497137219	0.561729067071	0.905575494504	0.72855972975	0.589649502664	0.658932356734	0.680405663868	0.857827497529	0.788562187027
E-TL-Aug-2014	0.727665388487	0.779918546104	0.7730931237	0.748174030237	0.689094887931	0.871332092794	0.770845559258	0.0	0.823368035964	0.885086522429	0.851105326201	0.681583736106	0.842774178146	0.886557867436	0.769669984896	0.845753512946	0.799537172575	0.898809542787	0.883171505726	0.828143588327	0.775072374609	0.851384975606	0.785897962248	0.737873457119	0.770946704375	0.873310858305	0.871588894175	0.795987186479	0.81350780723	0.866179514399	0.769233029819	0.874818207337	0.89488700717	0.891475013507	0.773244888663	0.652660738244	0.763134444934	0.888326700297	0.806665464397	0.780220726399	0.817638436993	0.781776122322	0.770685430776	0.808915802859	0.837179968112	0.777756244888	0.851351020016	0.766611694054	0.862216310365	0.773289747363	0.768938561479	0.919292878646	0.640817362855	0.772337068492	0.793373989749	0.787975848976	0.907227359639	0.838232676489
E-SOG-3619	0.750951571428	0.777180099372	0.757016894483	0.820693338378	0.807393698059	0.719865408339	0.767970964813	0.823368035964	0.0	0.749391948465	0.695951692909	0.825317657969	0.639775443469	0.769167517552	0.710223208026	0.705234907499	0.674762111758	0.761102942489	0.781190507133	0.720828699193	0.688500682991	0.693927414523	0.680873903695	0.79014265818	0.748499336177	0.71571578973	0.762398976978	0.599328989307	0.659186544597	0.748927795563	0.760835651977	0.735316051493	0.792874948269	0.768075402618	0.778568379733	0.808532781825	0.779539870551	0.747951379845	0.67887972505	0.75169694784	0.675414319427	0.751642756198	0.706861002576	0.68265138074	0.681755460731	0.712994506901	0.720443048215	0.784678585277	0.73568993471	0.764685317195	0.780282472254	0.815458372709	0.807665855289	0.754692578168	0.681190372323	0.66215850064	0.76187439974	0.714281396199
E-SOG-6527	0.861269143943	0.868984046249	0.852326597127	0.866601124677	0.864542463697	0.653356862735	0.862301964102	0.885086522429	0.749391948465	0.0	0.533911282841	0.857505252099	0.583281176149	0.626133566968	0.8033068019	0.638665756706	0.717682224783	0.698828186475	0.683912975124	0.628607374218	0.788167491494	0.625741805011	0.776574152476	0.886171024175	0.860166376255	0.640593879775	0.660999266334	0.685071253215	0.717270869305	0.69450082713	0.866375739292	0.614836013757	0.607469970175	0.70812701555	0.886304504299	0.84768464381	0.873379413214	0.640323148122	0.719739919583	0.877238423191	0.670919111126	0.810954251664	0.807688160974	0.706490202546	0.662025963966	0.815722861521	0.678158145408	0.829339296306	0.708035363855	0.8751805093	0.881983900198	0.689839365137	0.863652389826	0.832965687323	0.761380604657	0.715320472964	0.535893489138	0.633417947127
E-SOG-5527	0.787812016803	0.807740948502	0.788043173347	0.809746274733	0.787287143052	0.672620839605	0.794269026392	0.851105326201	0.695951692909	0.533911282841	0.0	0.816911247116	0.527678468624	0.662298936401	0.733886715611	0.65845049664	0.676018134527	0.73657238654	0.721471349125	0.623019260162	0.722350843355	0.630734444969	0.747600987072	0.841995364901	0.786758882441	0.680008601262	0.713910336759	0.616993433665	0.677602716181	0.731059523495	0.787524482205	0.692822202016	0.690087988665	0.730850117869	0.820988669705	0.790984396622	0.811367230327	0.665891208764	0.713978015813	0.80486121965	0.672649478128	0.784330224808	0.760809534526	0.677532787225	0.671094003812	0.764039056194	0.707371688699	0.730903006952	0.719948082961	0.828319473656	0.819516181944	0.753328043254	0.813463984408	0.774510268122	0.710565492509	0.696480407193	0.624145527545	0.638582411785
E-TL-Jul-2014	0.761766790039	0.768621321952	0.729712527927	0.751517159825	0.670180782761	0.871882057407	0.755198498768	0.681583736106	0.825317657969	0.857505252099	0.816911247116	0.0	0.828472598077	0.874781354393	0.764880891123	0.809845611748	0.809917307338	0.905571055027	0.875972947346	0.837565638683	0.77328852678	0.855802801815	0.788867099193	0.750869599156	0.767891039786	0.873461822707	0.88382657818	0.79741102725	0.795998413423	0.856810778601	0.755725126573	0.869619879055	0.883872152874	0.898025596904	0.769262154445	0.647753461849	0.774625693637	0.868763643689	0.807914023099	0.758657211783	0.802160807053	0.754698620746	0.786319361953	0.80564762111	0.842899892347	0.762461195397	0.841435420888	0.689706961843	0.8690851725	0.758248619674	0.751787507618	0.903810403034	0.62846935401	0.775862681271	0.800583636281	0.807738927355	0.896319183955	0.84092397456
E-SOG-5619	0.785933247636	0.805358009976	0.78802230519	0.811198739566	0.804957342226	0.61992152796	0.795040691853	0.842774178146	0.639775443469	0.583281176149	0.527678468624	0.828472598077	0.0	0.652642782829	0.74160256762	0.649208731651	0.650700335127	0.706452872592	0.714838950148	0.622734064125	0.695173873171	0.593010952427	0.6968255805	0.828048792817	0.791376554769	0.643846831394	0.669265514525	0.601137986807	0.646747373115	0.687871995635	0.792050816312	0.667351592208	0.688640203212	0.696262433782	0.817340719378	0.803907708174	0.802054198987	0.639601447167	0.690972582893	0.790224733388	0.664501011197	0.749517692766	0.741644176197	0.683030071677	0.648609718315	0.744592797462	0.676091592821	0.770029318776	0.693165919034	0.819053244102	0.81938762774	0.748671565492	0.813305452558	0.777165905925	0.710020245984	0.674220658331	0.610974249156	0.625910510682
E-CB-2016	0.886662536308	0.893465554311	0.875592334025	0.876564526192	0.880793575665	0.65872522131	0.872418359427	0.886557867436	0.769167517552	0.626133566968	0.662298936401	0.874781354393	0.652642782829	0.0	0.818430736702	0.676338023567	0.705071161183	0.659413029347	0.626547009247	0.697005003438	0.795222779937	0.664881460703	0.786593241474	0.897832376443	0.870967058888	0.688773856265	0.669065817043	0.662272206593	0.72818083942	0.660398728211	0.893449931233	0.635194779809	0.600928623333	0.589135794581	0.887468246821	0.857358853865	0.89172596276	0.608471086832	0.764491083355	0.874735529206	0.735281261071	0.837968300369	0.815426785321	0.728746353215	0.755439951167	0.837482856046	0.672035964395	0.830179864788	0.725108835956	0.888871565723	0.882587385468	0.571498677809	0.856994125185	0.856034701493	0.78178484237	0.761479489484	0.678620634642	0.699204917514
E-SOG-2527	0.604586868279	0.635318303428	0.635585088795	0.779910453685	0.75087804176	0.743220912106	0.626962434344	0.769669984896	0.710223208026	0.8033068019	0.733886715611	0.764880891123	0.74160256762	0.818430736702	0.0	0.709080087927	0.692782779693	0.847548807104	0.798211028426	0.731508550309	0.59010547002	0.746231625532	0.60579808253	0.69412966155	0.625280572471	0.797846986398	0.829163543018	0.671871618175	0.616957697163	0.788373962911	0.642284461898	0.810194112561	0.844507162524	0.831976035174	0.641245148453	0.757077253648	0.652708603793	0.756369806978	0.663281427615	0.635756141748	0.613510770352	0.605591983356	0.620914040356	0.692207925163	0.714264478552	0.630467606083	0.770031175928	0.681944783799	0.809325819895	0.627191289399	0.633324960078	0.859571309482	0.760079853444	0.585397427221	0.608658055224	0.639885608662	0.811621634897	0.742129981961
E-LH-2016	0.785333891056	0.798252365824	0.775296296596	0.832877937511	0.802436397302	0.57876464202	0.755583009073	0.845753512946	0.705234907499	0.638665756706	0.65845049664	0.809845611748	0.649208731651	0.676338023567	0.709080087927	0.0	0.556079372391	0.692360050421	0.664029412637	0.639830372155	0.705683545794	0.56960735155	0.689192756268	0.815737385623	0.794486255676	0.625600899586	0.668109318836	0.612428630876	0.666046316169	0.619839541153	0.801824185165	0.549663259668	0.68464144343	0.695626203754	0.808392782321	0.804238589464	0.808180161537	0.565893097783	0.647537308709	0.798701582277	0.622510670314	0.739141939393	0.728880591429	0.555459340454	0.61791186271	0.748416148813	0.624454862922	0.782061383927	0.615452398274	0.789238994607	0.79260199618	0.722482263692	0.803433403113	0.767265160889	0.668441911738	0.63974897667	0.668360625847	0.6316289742
E-BP-2016	0.755266172136	0.785414952684	0.759092844855	0.813649943068	0.791278806748	0.614780447941	0.747517188341	0.799537172575	0.674762111758	0.717682224783	0.676018134527	0.809917307338	0.650700335127	0.705071161183	0.692782779693	0.556079372391	0.0	0.702338358801	0.709936441223	0.676456632983	0.665515238867	0.588530563221	0.654903721597	0.792300529287	0.769122910113	0.657546619391	0.669330404208	0.601652624579	0.665309613083	0.648953025179	0.7845731251	0.615139761621	0.727301587302	0.701472310569	0.772508765992	0.786484401684	0.767659397584	0.646665895448	0.65482189015	0.774014938951	0.638608490817	0.727783961927	0.679114786493	0.593498573382	0.642172419289	0.724190218677	0.68230337188	0.785298020682	0.653393719622	0.778785333823	0.773285955681	0.754275737467	0.780156141925	0.759321097587	0.662003071605	0.633542729055	0.724644113851	0.672653241557
E-PM-Aug-2013	0.89975176997	0.910042594406	0.903995963055	0.902427862962	0.904353662989	0.685330940354	0.892815770482	0.898809542787	0.761102942489	0.698828186475	0.73657238654	0.905571055027	0.706452872592	0.659413029347	0.847548807104	0.692360050421	0.702338358801	0.0	0.657368403826	0.737382414845	0.816657609648	0.681972037122	0.796455688509	0.897944256578	0.892233128721	0.70735770159	0.599595804297	0.701163490794	0.775731988095	0.59857653322	0.916149320735	0.630593459492	0.619470764027	0.637555715121	0.902720434971	0.88378865575	0.906576552703	0.699013957658	0.770176087937	0.901144923754	0.74411227224	0.854116528517	0.824304264688	0.720409810384	0.742931882475	0.859737979915	0.657367112823	0.892586676696	0.647020484139	0.899596957749	0.890671353947	0.635121644971	0.891653850308	0.881004501917	0.803937568484	0.76995479008	0.691661729242	0.751671308408
E-TI-2014	0.866440853666	0.886580057331	0.861331274967	0.872037739727	0.869511438249	0.689183089227	0.854451267267	0.883171505726	0.781190507133	0.683912975124	0.721471349125	0.875972947346	0.714838950148	0.626547009247	0.798211028426	0.664029412637	0.709936441223	0.657368403826	0.0	0.765762567025	0.799560973286	0.682227551895	0.791168457301	0.88848800206	0.864615792943	0.710412816209	0.667552590958	0.725957293727	0.779064280554	0.609370364106	0.890728061787	0.644554048398	0.677139142869	0.672984685534	0.875958206211	0.858843998537	0.87686131131	0.660620875233	0.782749085581	0.883383178418	0.733334846857	0.830903528028	0.823204888407	0.736244204367	0.738253772082	0.848070733301	0.639889299981	0.867242160252	0.692421117468	0.870157605374	0.867216151779	0.616884271429	0.859155418817	0.85010884939	0.794462490961	0.773816381438	0.68699673082	0.772334544197
E-SOG-6424	0.783482524021	0.796089487136	0.783480167401	0.803085351043	0.81423014096	0.646107321637	0.776221870834	0.828143588327	0.720828699193	0.628607374218	0.623019260162	0.837565638683	0.622734064125	0.697005003438	0.731508550309	0.639830372155	0.676456632983	0.737382414845	0.765762567025	0.0	0.694542016143	0.652938374784	0.704499407285	0.819062432783	0.776737265089	0.567732226769	0.697597314844	0.64461292786	0.615497500387	0.738826316148	0.784886486144	0.65829385392	0.723505617632	0.739219067137	0.78935580483	0.816799975649	0.794368050017	0.704261532339	0.597798680604	0.789042513945	0.641917531373	0.733206489475	0.675376650715	0.683879503384	0.593941574922	0.733118261524	0.722528660095	0.786455879905	0.725420759741	0.78127418912	0.793057127219	0.776232886877	0.827621896588	0.748177282063	0.6508727404	0.59502578791	0.697803657315	0.487034356519
E-SOG-1619	0.594878945098	0.615483162206	0.61905860252	0.777813936848	0.756593777725	0.717533422543	0.606983663797	0.775072374609	0.688500682991	0.788167491494	0.722350843355	0.77328852678	0.695173873171	0.795222779937	0.59010547002	0.705683545794	0.665515238867	0.816657609648	0.799560973286	0.694542016143	0.0	0.710031344173	0.567987821885	0.677157945365	0.616468942337	0.764547544325	0.776130176396	0.675052397913	0.592329165315	0.771009402677	0.585424241388	0.783651348506	0.814286016167	0.803820404211	0.637780994102	0.740755243186	0.625395668739	0.769583258551	0.616874012865	0.569908528603	0.625945871688	0.622463110749	0.596386637421	0.689339577277	0.711709409079	0.578394129832	0.753357922386	0.720575168629	0.778491303338	0.605078379535	0.634117710598	0.853171532026	0.765811981128	0.603273021751	0.613811391577	0.629828456557	0.796871484105	0.70342425917
E-JP-2016	0.795009495255	0.824430918788	0.812448211215	0.836169005894	0.827654053087	0.557760598378	0.806820636011	0.851384975606	0.693927414523	0.625741805011	0.630734444969	0.855802801815	0.593010952427	0.664881460703	0.746231625532	0.56960735155	0.588530563221	0.681972037122	0.682227551895	0.652938374784	0.710031344173	0.0	0.710185195372	0.835393613041	0.81059607118	0.61905344949	0.648828547123	0.556039699645	0.672249715154	0.654694312448	0.816989097195	0.56136699126	0.644744572007	0.650510893658	0.826293842005	0.805649799941	0.820245938434	0.566948751007	0.686953369074	0.819413469201	0.632476034276	0.77109384207	0.74116342004	0.633861212686	0.627410941346	0.773601318316	0.629584060851	0.810877054064	0.639308672792	0.818217427917	0.819089610654	0.728952939009	0.84254254845	0.801357343932	0.699889669302	0.682821680776	0.636049367906	0.644134782744
E-SOG-2619	0.630249723597	0.67307063053	0.638295772974	0.782833967881	0.754743792463	0.728323903104	0.639015146543	0.785897962248	0.680873903695	0.776574152476	0.747600987072	0.788867099193	0.6968255805	0.786593241474	0.60579808253	0.689192756268	0.654903721597	0.796455688509	0.791168457301	0.704499407285	0.567987821885	0.710185195372	0.0	0.67266258254	0.644034333093	0.756050511872	0.764030566207	0.659645296363	0.614387967691	0.755134891782	0.640274700623	0.758254668007	0.808324010024	0.804165795933	0.652335036387	0.757389828435	0.660044574529	0.771580917002	0.600349934203	0.622605614924	0.620369574405	0.633044803699	0.590934865419	0.690645511795	0.703733258892	0.587836962676	0.742088266375	0.741619494777	0.779518460016	0.654131540316	0.672470706953	0.832153463477	0.768588171944	0.627157610263	0.60230680669	0.578825702896	0.776708927267	0.695017728518
E-FR-2014	0.648851372487	0.66319025009	0.651988860188	0.76405237694	0.753503284652	0.855488393652	0.682802971855	0.737873457119	0.79014265818	0.886171024175	0.841995364901	0.750869599156	0.828048792817	0.897832376443	0.69412966155	0.815737385623	0.792300529287	0.897944256578	0.88848800206	0.819062432783	0.677157945365	0.835393613041	0.67266258254	0.0	0.659214928848	0.878097756586	0.888958125842	0.781473348401	0.741561789338	0.866852174608	0.649678075324	0.888415310561	0.912998432875	0.896362199327	0.64143332399	0.730692889254	0.663072803714	0.880324008708	0.734245511806	0.661684886537	0.764428515855	0.667569906549	0.68372575334	0.775784032713	0.799670926433	0.664600528514	0.845108996977	0.753195119268	0.85371720172	0.667863125023	0.674034445775	0.914897774513	0.745673378988	0.670879755408	0.721161575613	0.735902883416	0.901042684895	0.819872303325
E-LS-428	0.616508387622	0.614905407825	0.580909623676	0.735795235071	0.734570846365	0.81617790856	0.591659018979	0.770946704375	0.748499336177	0.860166376255	0.786758882441	0.767891039786	0.791376554769	0.870967058888	0.625280572471	0.794486255676	0.769122910113	0.892233128721	0.864615792943	0.776737265089	0.616468942337	0.81059607118	0.644034333093	0.659214928848	0.0	0.850724982299	0.863817013972	0.742035269298	0.690638552776	0.84554498078	0.612841364626	0.865614838278	0.894950093445	0.882651359838	0.641302156062	0.72510371068	0.636245603023	0.852791382917	0.703879112951	0.600696821897	0.687734579969	0.656814288291	0.643979330019	0.757033998497	0.773705920893	0.627359726012	0.802972846002	0.692732078346	0.847363367016	0.647439161496	0.630509109252	0.897303922064	0.745878977409	0.61493130036	0.645572911223	0.685814747429	0.879430273288	0.78286648947
E-SOG-7424	0.852648525457	0.869603452333	0.849390908792	0.868075113572	0.869969646529	0.639270893941	0.837685740042	0.873310858305	0.71571578973	0.640593879775	0.680008601262	0.873461822707	0.643846831394	0.688773856265	0.797846986398	0.625600899586	0.657546619391	0.70735770159	0.710412816209	0.567732226769	0.764547544325	0.61905344949	0.756050511872	0.878097756586	0.850724982299	0.0	0.686381671702	0.661131736259	0.717790851023	0.703381845939	0.869665149008	0.608170654547	0.724467080398	0.705953226934	0.858859282771	0.859675106385	0.864243678972	0.672725780688	0.662174876382	0.846570145636	0.706559282	0.802383533109	0.749349572965	0.692772258942	0.59110658567	0.809466799818	0.709903658329	0.851147934649	0.67856322849	0.847176757799	0.853346014044	0.765958524717	0.863138282814	0.830538216047	0.695253968534	0.664646794456	0.659976639801	0.573917197683
E-WV-Aug-2014	0.870908407677	0.882963088699	0.880494948785	0.871194273715	0.878031605513	0.666648226495	0.869362146375	0.871588894175	0.762398976978	0.660999266334	0.713910336759	0.88382657818	0.669265514525	0.669065817043	0.829163543018	0.668109318836	0.669330404208	0.599595804297	0.667552590958	0.697597314844	0.776130176396	0.648828547123	0.764030566207	0.888958125842	0.863817013972	0.686381671702	0.0	0.711496178735	0.752693985192	0.601627228733	0.890769228577	0.561852858168	0.605664057005	0.675264227616	0.878050774552	0.861243007026	0.875334046971	0.670979930361	0.729398055794	0.869269312782	0.729222203612	0.83949026723	0.788506004326	0.727383821273	0.713973565442	0.829044025615	0.653226320779	0.874094362781	0.640678573603	0.880733394866	0.877191944862	0.698012061852	0.861586602145	0.86061091035	0.769603287074	0.734978023985	0.657231003357	0.707930085208
E-WC-2016	0.744595046005	0.770983607434	0.757144696004	0.808451249417	0.768179837312	0.62176912587	0.750104870463	0.795987186479	0.599328989307	0.685071253215	0.616993433665	0.79741102725	0.601137986807	0.662272206593	0.671871618175	0.612428630876	0.601652624579	0.701163490794	0.725957293727	0.64461292786	0.675052397913	0.556039699645	0.659645296363	0.781473348401	0.742035269298	0.661131736259	0.711496178735	0.0	0.628467875389	0.672297815002	0.763529888906	0.638340472051	0.734710399034	0.70715219761	0.76075091566	0.780687794342	0.76917183544	0.627124482561	0.6685730057	0.749764698054	0.626105870603	0.741983173972	0.692339462483	0.600305790915	0.642481017278	0.716515137783	0.664711086364	0.760020141529	0.671383670443	0.762377274972	0.77103729458	0.777735970801	0.787271286014	0.744216343335	0.656819760902	0.631427164621	0.680538048247	0.660032356346
E-SOG-1527	0.676171549142	0.694289793734	0.666893690999	0.798611129734	0.762075159636	0.667802444791	0.689308683468	0.81350780723	0.659186544597	0.717270869305	0.677602716181	0.795998413423	0.646747373115	0.72818083942	0.616957697163	0.666046316169	0.665309613083	0.775731988095	0.779064280554	0.615497500387	0.592329165315	0.672249715154	0.614387967691	0.741561789338	0.690638552776	0.717790851023	0.752693985192	0.628467875389	0.0	0.737447631425	0.678337181787	0.741199188699	0.764683869462	0.733279453727	0.705816097697	0.771941079336	0.691019986203	0.701657187853	0.615956170902	0.658215231393	0.57655292727	0.647128396593	0.643323830243	0.670300224581	0.673558112678	0.653597200798	0.730576207362	0.721115388574	0.754477027397	0.678226303482	0.692097369139	0.794276797936	0.774490291765	0.63605686406	0.623138273163	0.601359712425	0.782719618488	0.630205611639
E-WV-7-2014	0.850824193102	0.874286797707	0.855648821558	0.868277144378	0.852513783304	0.638006660298	0.840381305049	0.866179514399	0.748927795563	0.69450082713	0.731059523495	0.856810778601	0.687871995635	0.660398728211	0.788373962911	0.619839541153	0.648953025179	0.59857653322	0.609370364106	0.738826316148	0.771009402677	0.654694312448	0.755134891782	0.866852174608	0.84554498078	0.703381845939	0.601627228733	0.672297815002	0.737447631425	0.0	0.87857898954	0.650597253167	0.654679987618	0.653063902692	0.864464453334	0.839044499288	0.868299971854	0.640783762496	0.745993272961	0.864410107828	0.685571358865	0.809169089484	0.787100943677	0.662755494324	0.712765585242	0.824321666727	0.524203094397	0.839910109006	0.626563985868	0.854123394085	0.846793034537	0.650844943582	0.839792035449	0.826971421795	0.758359710954	0.735014830942	0.681624570229	0.746082806522
E-LS-623	0.530985231936	0.598094357951	0.598506742065	0.763560676185	0.728584778546	0.825463536907	0.612210180459	0.769233029819	0.760835651977	0.866375739292	0.787524482205	0.755725126573	0.792050816312	0.893449931233	0.642284461898	0.801824185165	0.7845731251	0.916149320735	0.890728061787	0.784886486144	0.585424241388	0.816989097195	0.640274700623	0.649678075324	0.612841364626	0.869665149008	0.890769228577	0.763529888906	0.678337181787	0.87857898954	0.0	0.883592215827	0.902167408481	0.901794044491	0.635561935772	0.716543877728	0.616705703019	0.871969587893	0.712084806138	0.536367147105	0.704256550992	0.647357753469	0.642923629075	0.76266544628	0.780270573823	0.599951956782	0.845797181274	0.700298366769	0.857533674512	0.596226473766	0.608097309015	0.921891005618	0.74413783731	0.60708771551	0.67075643015	0.714550648565	0.881914732206	0.792204335704
E-TB-2016	0.862939541447	0.878829476972	0.866888139679	0.883468367582	0.882154452621	0.5675698424	0.85684065792	0.874818207337	0.735316051493	0.614836013757	0.692822202016	0.869619879055	0.667351592208	0.635194779809	0.810194112561	0.549663259668	0.615139761621	0.630593459492	0.644554048398	0.65829385392	0.783651348506	0.56136699126	0.758254668007	0.888415310561	0.865614838278	0.608170654547	0.561852858168	0.638340472051	0.741199188699	0.650597253167	0.883592215827	0.0	0.59875219306	0.659011876663	0.878380367689	0.856529323854	0.876980713373	0.570756458376	0.696301955596	0.864309226528	0.695850458046	0.828914545686	0.770155058316	0.669926187792	0.67862527815	0.821482821181	0.653922403906	0.877499713356	0.588557643742	0.863656016968	0.870725620426	0.699333436329	0.858864546685	0.859492362644	0.743390689062	0.686666076409	0.627103520346	0.640290151979
E-PM-Jula-2014	0.897040777106	0.903011430603	0.892252100811	0.89612944195	0.89109156897	0.651341193958	0.902171749534	0.89488700717	0.792874948269	0.607469970175	0.690087988665	0.883872152874	0.688640203212	0.600928623333	0.844507162524	0.68464144343	0.727301587302	0.619470764027	0.677139142869	0.723505617632	0.814286016167	0.644744572007	0.808324010024	0.912998432875	0.894950093445	0.724467080398	0.605664057005	0.734710399034	0.764683869462	0.654679987618	0.902167408481	0.59875219306	0.0	0.646732329647	0.912921326754	0.872144306201	0.900883755154	0.647311886032	0.7871561904	0.903122779291	0.721500625076	0.854139443876	0.844033095877	0.752259399843	0.744279737077	0.861650192371	0.658426216089	0.862548623485	0.661404939646	0.895335847387	0.905136082619	0.624129398281	0.879428374475	0.881315282601	0.804033268916	0.777026970817	0.667202151142	0.714316687848
E-PM-7-2014	0.901195386035	0.900246434199	0.886910258673	0.894027488614	0.893098892181	0.690414622296	0.888903311921	0.891475013507	0.768075402618	0.70812701555	0.730850117869	0.898025596904	0.696262433782	0.589135794581	0.831976035174	0.695626203754	0.701472310569	0.637555715121	0.672984685534	0.739219067137	0.803820404211	0.650510893658	0.804165795933	0.896362199327	0.882651359838	0.705953226934	0.675264227616	0.70715219761	0.733279453727	0.653063902692	0.901794044491	0.659011876663	0.646732329647	0.0	0.894251887354	0.865681692765	0.896441834875	0.629079543722	0.784352416454	0.88275551208	0.757127867429	0.859881435902	0.838480557372	0.748282667849	0.762673278845	0.846419322352	0.667917754048	0.866195226153	0.72403472739	0.892496303486	0.89709742492	0.668923735853	0.876718969184	0.855890914217	0.794244403012	0.774743019913	0.739270734449	0.735032937163
E-MT-526	0.584973020586	0.635051559681	0.616185779166	0.779654606176	0.766870032548	0.832427030134	0.632702186184	0.773244888663	0.778568379733	0.886304504299	0.820988669705	0.769262154445	0.817340719378	0.887468246821	0.641245148453	0.808392782321	0.772508765992	0.902720434971	0.875958206211	0.78935580483	0.637780994102	0.826293842005	0.652335036387	0.64143332399	0.641302156062	0.858859282771	0.878050774552	0.76075091566	0.705816097697	0.864464453334	0.635561935772	0.878380367689	0.912921326754	0.894251887354	0.0	0.772291324737	0.621671641257	0.862778080995	0.682779181689	0.594920692239	0.731875403161	0.646819962693	0.645119076407	0.769254343809	0.783570067053	0.632272788452	0.832963248901	0.738444482808	0.859063247019	0.585038393597	0.608502465296	0.915427374522	0.756264004066	0.643544602236	0.661363062341	0.713901879194	0.890366782789	0.81074814504
E-Tca-2014	0.724253357189	0.755917771615	0.741270622926	0.732473519336	0.638981485829	0.853089417577	0.721430113982	0.652660738244	0.808532781825	0.84768464381	0.790984396622	0.647753461849	0.803907708174	0.857358853865	0.757077253648	0.804238589464	0.786484401684	0.88378865575	0.858843998537	0.816799975649	0.740755243186	0.805649799941	0.757389828435	0.730692889254	0.72510371068	0.859675106385	0.861243007026	0.780687794342	0.771941079336	0.839044499288	0.716543877728	0.856529323854	0.872144306201	0.865681692765	0.772291324737	0.0	0.749287644494	0.855837057645	0.783888827778	0.766219111632	0.775516673072	0.75003586715	0.769245261855	0.795192038977	0.818173412427	0.765033608258	0.821321660844	0.702971546372	0.852402568878	0.762773280871	0.727879516379	0.883821745003	0.547176297369	0.73099569902	0.792401625719	0.779826798898	0.879884807039	0.82460973339
E-WP-526	0.598107882968	0.603155286706	0.592981563579	0.762326158218	0.730384236485	0.826328108923	0.616897665726	0.763134444934	0.779539870551	0.873379413214	0.811367230327	0.774625693637	0.802054198987	0.89172596276	0.652708603793	0.808180161537	0.767659397584	0.906576552703	0.87686131131	0.794368050017	0.625395668739	0.820245938434	0.660044574529	0.663072803714	0.636245603023	0.864243678972	0.875334046971	0.76917183544	0.691019986203	0.868299971854	0.616705703019	0.876980713373	0.900883755154	0.896441834875	0.621671641257	0.749287644494	0.0	0.8678765609	0.720829759469	0.607270455532	0.715497138307	0.672510112689	0.665888155385	0.764639214599	0.788691119348	0.657012686939	0.843196672137	0.744644212943	0.848195348971	0.632154787566	0.648485861891	0.919532119201	0.746201160744	0.63203175215	0.695438308867	0.716144075341	0.879781296972	0.80350821074
E-PM-2016	0.845393926512	0.873038031646	0.852514874681	0.866312254624	0.862493927868	0.582693556578	0.846066089251	0.888326700297	0.747951379845	0.640323148122	0.665891208764	0.868763643689	0.639601447167	0.608471086832	0.756369806978	0.565893097783	0.646665895448	0.699013957658	0.660620875233	0.704261532339	0.769583258551	0.566948751007	0.771580917002	0.880324008708	0.852791382917	0.672725780688	0.670979930361	0.627124482561	0.701657187853	0.640783762496	0.871969587893	0.570756458376	0.647311886032	0.629079543722	0.862778080995	0.855837057645	0.8678765609	0.0	0.740652008643	0.868867929453	0.680758083724	0.801245347516	0.792215705838	0.653778433667	0.697072294312	0.81190019944	0.625272915526	0.829283765064	0.662082470391	0.862809561182	0.858786091076	0.691791834608	0.849509535704	0.824752056165	0.745278478371	0.727440764952	0.669750432231	0.682737986728
E-SOG-4424	0.712256894992	0.710555441658	0.6956948546	0.805653319298	0.801801473907	0.689194451052	0.676040022504	0.806665464397	0.67887972505	0.719739919583	0.713978015813	0.807914023099	0.690972582893	0.764491083355	0.663281427615	0.647537308709	0.65482189015	0.770176087937	0.782749085581	0.597798680604	0.616874012865	0.686953369074	0.600349934203	0.734245511806	0.703879112951	0.662174876382	0.729398055794	0.6685730057	0.615956170902	0.745993272961	0.712084806138	0.696301955596	0.7871561904	0.784352416454	0.682779181689	0.783888827778	0.720829759469	0.740652008643	0.0	0.707891496723	0.646614453793	0.619642910131	0.574255615046	0.663177714273	0.608048328311	0.651130538896	0.736432336176	0.788005011134	0.746169527713	0.705168554786	0.674566669622	0.813926181945	0.788422884289	0.675034421504	0.577264335544	0.519841728352	0.75939766738	0.612021927007
E-WP-623	0.546210861366	0.590126682364	0.583922475876	0.785771396167	0.740850727833	0.80809608816	0.604356615699	0.780220726399	0.75169694784	0.877238423191	0.80486121965	0.758657211783	0.790224733388	0.874735529206	0.635756141748	0.798701582277	0.774014938951	0.901144923754	0.883383178418	0.789042513945	0.569908528603	0.819413469201	0.622605614924	0.661684886537	0.600696821897	0.846570145636	0.869269312782	0.749764698054	0.658215231393	0.864410107828	0.536367147105	0.864309226528	0.903122779291	0.88275551208	0.594920692239	0.766219111632	0.607270455532	0.868867929453	0.707891496723	0.0	0.707037254576	0.655871027869	0.615529316308	0.761440628893	0.795240130929	0.559697317126	0.835219399804	0.715701479088	0.853659991408	0.557351313341	0.627728164659	0.913899310257	0.750361534868	0.588243841146	0.661530551575	0.693260276583	0.892560888412	0.782791604019
E-SOG-4527	0.679925574713	0.707546931216	0.685427423078	0.794698878106	0.774423846656	0.656992340126	0.683890211832	0.817638436993	0.675414319427	0.670919111126	0.672649478128	0.802160807053	0.664501011197	0.735281261071	0.613510770352	0.622510670314	0.638608490817	0.74411227224	0.733334846857	0.641917531373	0.625945871688	0.632476034276	0.620369574405	0.764428515855	0.687734579969	0.706559282	0.729222203612	0.626105870603	0.57655292727	0.685571358865	0.704256550992	0.695850458046	0.721500625076	0.757127867429	0.731875403161	0.775516673072	0.715497138307	0.680758083724	0.646614453793	0.707037254576	0.0	0.642562516824	0.652424102522	0.649496622625	0.644393107161	0.679376125403	0.66264872597	0.718291851925	0.728404875383	0.704997119095	0.707404507173	0.765943030941	0.773888539556	0.657645624058	0.61141833328	0.6316838459	0.718721392147	0.637085668753
E-WP-428	0.644903247792	0.658443441527	0.598257549188	0.783866740885	0.753095567843	0.764991217706	0.580976531233	0.781776122322	0.751642756198	0.810954251664	0.784330224808	0.754698620746	0.749517692766	0.837968300369	0.605591983356	0.739141939393	0.727783961927	0.854116528517	0.830903528028	0.733206489475	0.622463110749	0.77109384207	0.633044803699	0.667569906549	0.656814288291	0.802383533109	0.83949026723	0.741983173972	0.647128396593	0.809169089484	0.647357753469	0.828914545686	0.854139443876	0.859881435902	0.646819962693	0.75003586715	0.672510112689	0.801245347516	0.619642910131	0.655871027869	0.642562516824	0.0	0.602261370943	0.7093037849	0.73032580463	0.641167426506	0.786811904963	0.711296088974	0.81610263269	0.6561078827	0.601821598179	0.879691132112	0.739411304179	0.617116215903	0.61327497042	0.646737476793	0.825335096073	0.728627130933
E-JT-428	0.621617988001	0.647850947415	0.621224539404	0.779408623725	0.762928405368	0.740728859516	0.615003545196	0.770685430776	0.706861002576	0.807688160974	0.760809534526	0.786319361953	0.741644176197	0.815426785321	0.620914040356	0.728880591429	0.679114786493	0.824304264688	0.823204888407	0.675376650715	0.596386637421	0.74116342004	0.590934865419	0.68372575334	0.643979330019	0.749349572965	0.788506004326	0.692339462483	0.643323830243	0.787100943677	0.642923629075	0.770155058316	0.844033095877	0.838480557372	0.645119076407	0.769245261855	0.665888155385	0.792215705838	0.574255615046	0.615529316308	0.652424102522	0.602261370943	0.0	0.705551832191	0.694524578268	0.585894007686	0.783297806188	0.75208097313	0.783101192053	0.642371687067	0.595242503064	0.857327054223	0.764384608243	0.640693597064	0.554738322321	0.58988954975	0.80409369887	0.691075980311
E-DU-2016	0.752265759083	0.764555871711	0.746825463618	0.811752791194	0.774333225098	0.652329039454	0.75003053673	0.808915802859	0.68265138074	0.706490202546	0.677532787225	0.80564762111	0.683030071677	0.728746353215	0.692207925163	0.555459340454	0.593498573382	0.720409810384	0.736244204367	0.683879503384	0.689339577277	0.633861212686	0.690645511795	0.775784032713	0.757033998497	0.692772258942	0.727383821273	0.600305790915	0.670300224581	0.662755494324	0.76266544628	0.669926187792	0.752259399843	0.748282667849	0.769254343809	0.795192038977	0.764639214599	0.653778433667	0.663177714273	0.761440628893	0.649496622625	0.7093037849	0.705551832191	0.0	0.647203089578	0.711369255148	0.688035597027	0.774691750177	0.664459215864	0.758955710092	0.752740891426	0.780384369186	0.786883456463	0.743193660196	0.661124618364	0.640726214933	0.729899088572	0.695396132087
E-SOG-1424	0.7649656751	0.786294440413	0.77258085699	0.82764388083	0.832464057721	0.653930632523	0.773923462154	0.837179968112	0.681755460731	0.662025963966	0.671094003812	0.842899892347	0.648609718315	0.755439951167	0.714264478552	0.61791186271	0.642172419289	0.742931882475	0.738253772082	0.593941574922	0.711709409079	0.627410941346	0.703733258892	0.799670926433	0.773705920893	0.59110658567	0.713973565442	0.642481017278	0.673558112678	0.712765585242	0.780270573823	0.67862527815	0.744279737077	0.762673278845	0.783570067053	0.818173412427	0.788691119348	0.697072294312	0.608048328311	0.795240130929	0.644393107161	0.73032580463	0.694524578268	0.647203089578	0.0	0.748943985308	0.694152038552	0.81668252213	0.680777823403	0.78164077302	0.779889379571	0.785597454197	0.823102816063	0.753189801155	0.628051521949	0.595405776225	0.70376711974	0.591134693065
