	D7A	D7B	D7C	E-BA-2016-1	E-BA-2016-2	E-BA-2016-3	E-BL-2016-1	E-BL-2016-2	E-BL-2016-3	E-BP-2016-1	E-BP-2016-2	E-BP-2016-3	E-CB-2016-2	E-CB-2016-3	E-CR-2016-1	E-CR-2016-2	E-CR-2016-3	E-DU-2016-1	E-DU-2016-2	E-DU-2016-3	E-JP-2016-1	E-JP-2016-2	E-JP-2016-3	E-LH-2016-1	E-LH-2016-2	E-LH-2016-3	E-PM-2016-1	E-PM-2016-2	E-PM-2016-3	E-TB-2016-1	E-TB-2016-2	E-TB-2016-3	E-TL-2016-1	E-TL-2016-2	E-TL-2016-3	E-VP-2016-1	E-VP-2016-2	E-VP-2016-3	E-WC-2016-1	E-WC-2016-2	E-WC-2016-3	E-b-DU-1-Jul-a	E-b-DU-2-Jul-a	E-b-DU-3-Jul-a	E-b-WV-1-Aug	E-b-WV-2-Aug	E-b-WV-3-Aug	E-f-TL-1-Aug	E-f-TL-1-Jul-a	E-f-TL-2-Aug	E-f-TL-2-Jul-a	E-f-TL-3-Aug	E-f-TL-3-Jul-a	E-s-PM-1-Aug	E-s-PM-1-Jul-a	E-s-PM-2-Aug	E-s-PM-2-Jul-a	E-s-PM-3-Aug	E-s-PM-3-Jul-a	F7A	F7B	F7C	P7A	P7C	R-Ds-6-23-r1	R-Ds-6-23-r2	R-Ds-6-23-r3	R-J-5-26-r1	R-J-5-26-r2	R-J-5-26-r3	R-Jt-6-23-r1	R-Jt-6-23-r2	R-Jt-6-23-r3	R-Ls-6-23-r1	R-Ls-6-23-r2	R-Ls-6-23-r3	R-Mt-6-23-r1	R-Mt-6-23-r2	R-ds-4-28-r1	R-ds-4-28-r2	R-jt-4-28-r1	R-jt-4-28-r2	R-jt-4-28-r3	R-ls-4-28-r1	R-ls-4-28-r2	R-ls-4-28-r3	R-ls-5-26-r1	R-ls-5-26-r2	R-ls-5-26-r3	R-mt-4-28-r1	R-mt-4-28-r2	R-mt-4-28-r3	R-mt-5-26-r1	R-mt-5-26-r2	R-mt-5-26-r3	R-wp-4-28-r1	R-wp-4-28-r2	R-wp-4-28-r3	R-wp-5-26-r1	R-wp-5-26-r3	R-wp-6-23-r1	R-wp-6-23-r2	R-wp-6-23-r3	S-st-1-4-24-r2	S-st-1-4-24-r3	S-st-1-5-27-r1	S-st-1-5-27-r2	S-st-1-5-27-r3	S-st-1-6-19-r1	S-st-1-6-19-r2	S-st-1-6-19-r3	S-st-2-4-24-r1A	S-st-2-4-24-r1B	S-st-2-5-27-r1	S-st-2-5-27-r2	S-st-2-5-27-r3	S-st-2-6-19-r1	S-st-2-6-19-r2	S-st-2-6-19-r3	S-st-3-4-24-r1	S-st-3-4-24-r3	S-st-3-5-27-r1	S-st-3-5-27-r2	S-st-3-5-27-r3	S-st-3-6-19-r1	S-st-3-6-19-r2	S-st-3-6-19-r3	S-st-4-4-24-r1	S-st-4-4-24-r2	S-st-4-4-24-r3	S-st-4-5-27-r1	S-st-4-5-27-r2	S-st-4-5-27-r3	S-st-4-6-19-r1	S-st-4-6-19-r2	S-st-4-6-19-r3	S-st-5-4-24-r1	S-st-5-4-24-r2	S-st-5-4-24-r3	S-st-5-5-27-r1	S-st-5-5-27-r2	S-st-5-5-27-r3	S-st-5-6-19-r1	S-st-5-6-19-r2	S-st-5-6-19-r3	S-st-6-4-24-r1	S-st-6-4-24-r3	S-st-6-5-27-r1	S-st-6-5-27-r2	S-st-6-5-27-r3	S-st-6-6-19-r1	S-st-6-6-19-r2	S-st-6-6-19-r3	S-st-7-4-24-r1	T7A	T7B	T7C	TC7B	TC7C	TI7A	TI7B	Tca7A	Tca7B	Tca7C	WV7A	WV7B	WV7C
D7A	0.0	0.251	0.233	0.921	0.936	0.89	1.0	1.0	1.0	0.826	0.827	0.826	0.977	0.988	1.0	0.999	0.999	0.857	0.844	0.797	0.808	0.893	0.81	0.809	0.794	0.824	0.975	0.926	0.944	0.84	0.836	0.81	1.0	1.0	1.0	0.809	0.786	0.816	0.859	0.814	0.889	0.833	0.829	0.824	0.649	0.685	0.682	1.0	1.0	1.0	1.0	1.0	1.0	0.649	0.849	0.708	0.83	0.779	0.83	1.0	1.0	1.0	0.77	0.694	1.0	1.0	1.0	1.0	1.0	0.997	0.997	0.998	0.998	0.996	1.0	1.0	1.0	0.997	1.0	1.0	0.993	0.996	0.989	0.991	0.989	0.988	1.0	0.999	1.0	0.999	1.0	0.999	1.0	1.0	1.0	0.994	0.998	0.998	1.0	0.999	1.0	0.996	0.991	0.905	0.899	0.878	0.874	0.947	0.947	0.956	0.962	0.865	0.861	0.934	0.959	0.972	0.908	0.909	0.903	0.954	0.955	0.984	0.987	0.985	0.94	0.928	0.966	0.874	0.897	0.888	0.861	0.884	0.864	0.958	0.95	0.935	0.956	0.964	0.96	0.958	0.978	0.972	0.944	0.934	0.942	0.95	0.928	0.961	0.949	0.944	0.954	0.958	0.945	0.947	0.991	0.985	0.993	0.951	0.91	0.956	0.989	0.991	0.991	0.997	0.599	0.579	0.587
D7B	0.251	0.0	0.272	0.927	0.934	0.899	1.0	1.0	1.0	0.845	0.839	0.844	0.962	0.988	1.0	0.998	0.999	0.884	0.867	0.825	0.802	0.905	0.823	0.84	0.814	0.853	0.974	0.935	0.954	0.837	0.844	0.816	0.999	0.999	0.999	0.803	0.797	0.821	0.861	0.845	0.902	0.825	0.817	0.812	0.673	0.707	0.684	1.0	1.0	1.0	0.999	0.999	1.0	0.654	0.86	0.708	0.837	0.78	0.836	1.0	1.0	0.999	0.791	0.725	1.0	1.0	1.0	1.0	1.0	0.998	0.993	0.995	0.998	0.99	1.0	0.999	0.999	0.997	1.0	1.0	0.993	0.995	0.987	0.992	0.992	0.991	0.999	0.996	0.999	0.999	0.998	0.999	1.0	0.998	0.999	0.993	0.997	0.997	1.0	0.999	1.0	0.997	0.997	0.894	0.871	0.867	0.874	0.95	0.949	0.964	0.973	0.844	0.853	0.939	0.969	0.97	0.921	0.925	0.92	0.944	0.948	0.994	0.995	0.995	0.946	0.935	0.969	0.871	0.901	0.878	0.855	0.885	0.866	0.96	0.952	0.939	0.953	0.956	0.956	0.966	0.983	0.979	0.953	0.94	0.945	0.943	0.923	0.963	0.943	0.948	0.961	0.963	0.948	0.938	0.991	0.985	0.992	0.934	0.894	0.958	0.975	0.99	0.991	0.996	0.629	0.597	0.615
D7C	0.233	0.272	0.0	0.921	0.939	0.882	1.0	1.0	1.0	0.817	0.824	0.824	0.978	0.992	1.0	0.999	0.998	0.851	0.832	0.798	0.796	0.89	0.807	0.81	0.802	0.832	0.976	0.925	0.945	0.825	0.822	0.783	1.0	1.0	1.0	0.823	0.809	0.816	0.852	0.822	0.88	0.842	0.839	0.825	0.649	0.677	0.677	1.0	1.0	1.0	1.0	1.0	1.0	0.633	0.828	0.691	0.814	0.766	0.822	1.0	1.0	1.0	0.797	0.728	0.999	1.0	1.0	0.999	0.999	0.998	0.997	0.996	0.999	0.996	1.0	1.0	0.998	0.996	1.0	0.999	0.991	0.996	0.985	0.993	0.991	0.989	1.0	0.997	1.0	0.999	0.997	0.999	0.998	1.0	1.0	0.993	0.997	0.998	0.999	1.0	1.0	0.997	0.988	0.909	0.89	0.857	0.852	0.928	0.938	0.944	0.951	0.875	0.861	0.943	0.946	0.974	0.908	0.905	0.894	0.945	0.954	0.976	0.978	0.975	0.921	0.917	0.951	0.877	0.896	0.89	0.846	0.879	0.837	0.941	0.935	0.922	0.953	0.961	0.958	0.942	0.965	0.955	0.927	0.916	0.922	0.948	0.929	0.953	0.943	0.928	0.935	0.943	0.925	0.948	0.99	0.986	0.992	0.948	0.904	0.959	0.989	0.991	0.991	0.997	0.606	0.591	0.587
E-BA-2016-1	0.921	0.927	0.921	0.0	0.218	0.636	0.999	1.0	1.0	0.829	0.828	0.833	0.971	0.973	0.998	0.997	0.993	0.884	0.868	0.897	0.855	0.822	0.855	0.846	0.857	0.874	0.382	0.769	0.761	0.893	0.904	0.893	1.0	1.0	1.0	0.874	0.905	0.892	0.781	0.847	0.811	0.951	0.945	0.939	0.895	0.906	0.917	1.0	0.999	1.0	1.0	1.0	1.0	0.873	0.898	0.882	0.883	0.849	0.893	0.999	1.0	1.0	0.936	0.899	0.999	1.0	1.0	0.997	1.0	0.998	0.998	0.999	0.997	0.997	0.999	1.0	0.999	0.998	1.0	0.999	0.995	0.999	0.996	0.999	1.0	0.998	1.0	0.997	1.0	1.0	0.999	1.0	0.997	0.997	0.999	0.989	1.0	0.999	1.0	0.997	0.999	0.992	0.983	0.956	0.963	0.964	0.95	0.963	0.973	0.963	0.967	0.953	0.955	0.99	0.967	0.991	0.981	0.963	0.964	0.964	0.971	0.972	0.972	0.974	0.965	0.949	0.962	0.967	0.95	0.973	0.989	0.981	0.966	0.965	0.961	0.949	0.946	0.97	0.965	0.902	0.91	0.905	0.919	0.931	0.91	0.936	0.953	0.964	0.958	0.925	0.894	0.881	0.879	0.978	0.994	0.994	0.995	0.991	0.992	0.981	0.998	0.998	0.995	0.998	0.935	0.942	0.929
E-BA-2016-2	0.936	0.934	0.939	0.218	0.0	0.669	0.999	1.0	1.0	0.848	0.816	0.841	0.983	0.977	0.998	0.998	0.993	0.912	0.873	0.93	0.899	0.862	0.909	0.876	0.861	0.893	0.422	0.808	0.8	0.909	0.92	0.926	1.0	1.0	1.0	0.903	0.934	0.938	0.698	0.884	0.766	0.944	0.938	0.939	0.917	0.921	0.932	1.0	1.0	1.0	1.0	1.0	1.0	0.845	0.933	0.896	0.919	0.832	0.921	0.999	1.0	1.0	0.936	0.899	0.997	0.998	1.0	0.997	1.0	0.999	0.997	0.996	0.999	0.996	0.999	1.0	0.999	0.997	1.0	1.0	0.993	0.998	0.995	0.999	1.0	0.999	1.0	0.997	1.0	1.0	0.996	1.0	0.997	0.998	0.999	0.989	1.0	0.998	1.0	0.999	1.0	0.996	0.994	0.95	0.946	0.98	0.97	0.974	0.987	0.979	0.988	0.924	0.913	0.993	0.988	0.989	0.987	0.983	0.985	0.962	0.967	0.993	0.996	0.99	0.982	0.971	0.981	0.976	0.945	0.969	0.991	0.99	0.983	0.981	0.981	0.968	0.942	0.961	0.965	0.876	0.919	0.887	0.942	0.948	0.93	0.93	0.935	0.976	0.957	0.934	0.87	0.852	0.878	0.973	0.999	0.998	0.998	0.993	0.997	0.989	0.998	0.999	0.999	0.999	0.955	0.956	0.95
E-BA-2016-3	0.89	0.899	0.882	0.636	0.669	0.0	0.999	1.0	1.0	0.76	0.72	0.747	0.98	0.984	1.0	0.999	0.989	0.893	0.884	0.842	0.81	0.9	0.798	0.811	0.851	0.85	0.728	0.474	0.473	0.812	0.819	0.784	0.999	1.0	1.0	0.818	0.844	0.842	0.826	0.798	0.87	0.902	0.91	0.896	0.843	0.849	0.849	1.0	1.0	1.0	1.0	1.0	1.0	0.866	0.775	0.859	0.771	0.853	0.801	0.998	1.0	1.0	0.904	0.907	0.998	1.0	0.999	0.998	1.0	0.997	0.991	0.993	0.998	0.994	0.999	1.0	0.997	0.996	1.0	0.999	0.986	0.989	0.987	0.993	0.997	0.991	1.0	0.997	1.0	0.998	0.996	1.0	0.998	0.999	0.999	0.985	0.997	0.996	1.0	0.999	1.0	0.998	0.98	0.904	0.881	0.909	0.904	0.881	0.958	0.907	0.919	0.891	0.879	0.968	0.926	0.981	0.955	0.906	0.905	0.922	0.934	0.962	0.955	0.94	0.912	0.902	0.913	0.898	0.883	0.914	0.943	0.936	0.92	0.913	0.913	0.9	0.919	0.925	0.919	0.892	0.871	0.862	0.875	0.889	0.867	0.899	0.898	0.95	0.926	0.905	0.841	0.851	0.831	0.934	0.989	0.988	0.994	0.988	0.983	0.984	0.997	0.994	0.992	0.997	0.893	0.911	0.9
E-BL-2016-1	1.0	1.0	1.0	0.999	0.999	0.999	0.0	0.293	0.337	0.998	1.0	0.998	0.98	0.983	0.986	0.988	0.98	0.999	0.998	0.999	1.0	1.0	1.0	0.999	0.999	0.999	0.999	0.999	0.998	0.998	0.998	0.999	0.907	0.939	0.948	1.0	0.999	1.0	0.999	0.998	0.998	1.0	1.0	0.999	1.0	1.0	1.0	0.941	0.952	0.936	0.952	0.951	0.939	1.0	1.0	1.0	1.0	1.0	1.0	0.898	0.933	0.947	1.0	1.0	0.972	0.959	0.953	0.957	0.942	0.958	0.932	0.935	0.941	0.931	0.933	0.945	0.965	0.985	0.89	0.893	0.978	0.991	0.982	0.946	0.927	0.942	0.944	0.949	0.928	0.959	0.977	0.971	0.951	0.925	0.919	0.972	0.966	0.98	0.944	0.954	0.933	0.945	0.95	1.0	1.0	1.0	0.998	0.997	0.954	0.948	0.952	1.0	1.0	0.979	0.974	0.982	0.985	0.991	0.995	0.987	0.993	0.936	0.94	0.954	1.0	1.0	1.0	0.997	0.997	0.997	1.0	1.0	0.999	1.0	1.0	1.0	0.999	1.0	1.0	1.0	1.0	1.0	1.0	1.0	0.999	1.0	0.999	0.994	1.0	1.0	1.0	1.0	1.0	1.0	0.923	0.919	0.93	1.0	0.999	1.0	1.0	0.931	0.928	0.956	0.999	1.0	1.0
E-BL-2016-2	1.0	1.0	1.0	1.0	1.0	1.0	0.293	0.0	0.308	1.0	1.0	1.0	0.995	0.997	0.979	0.981	0.974	1.0	1.0	1.0	1.0	1.0	1.0	1.0	1.0	0.999	1.0	1.0	1.0	1.0	0.999	1.0	0.931	0.956	0.968	1.0	1.0	1.0	1.0	1.0	1.0	1.0	1.0	1.0	1.0	1.0	1.0	0.959	0.977	0.964	0.973	0.973	0.962	1.0	1.0	1.0	1.0	1.0	1.0	0.903	0.937	0.959	1.0	1.0	0.97	0.959	0.955	0.96	0.951	0.965	0.941	0.938	0.946	0.936	0.946	0.956	0.963	0.986	0.907	0.917	0.978	0.993	0.988	0.952	0.931	0.946	0.953	0.964	0.937	0.956	0.977	0.972	0.956	0.932	0.928	0.976	0.971	0.986	0.95	0.961	0.94	0.951	0.957	1.0	1.0	1.0	0.999	0.998	0.952	0.961	0.955	1.0	1.0	0.981	0.976	0.985	0.986	0.994	0.995	0.992	0.995	0.943	0.945	0.964	1.0	1.0	1.0	0.997	0.997	1.0	1.0	1.0	0.999	1.0	1.0	1.0	0.999	1.0	1.0	1.0	1.0	1.0	1.0	1.0	0.999	1.0	1.0	0.993	1.0	1.0	1.0	1.0	1.0	1.0	0.942	0.912	0.929	0.999	1.0	1.0	0.999	0.916	0.949	0.921	0.999	1.0	1.0
E-BL-2016-3	1.0	1.0	1.0	1.0	1.0	1.0	0.337	0.308	0.0	1.0	1.0	1.0	0.997	0.999	0.991	0.991	0.985	1.0	1.0	1.0	1.0	1.0	1.0	1.0	1.0	0.999	1.0	1.0	1.0	1.0	0.998	1.0	0.917	0.944	0.96	1.0	1.0	1.0	1.0	1.0	1.0	1.0	1.0	1.0	1.0	1.0	1.0	0.963	0.961	0.957	0.959	0.964	0.957	1.0	1.0	1.0	1.0	1.0	1.0	0.904	0.939	0.964	1.0	1.0	0.975	0.965	0.962	0.961	0.958	0.971	0.949	0.951	0.953	0.938	0.952	0.952	0.967	0.985	0.908	0.91	0.986	0.989	0.989	0.956	0.931	0.947	0.948	0.958	0.942	0.959	0.98	0.973	0.956	0.939	0.932	0.975	0.98	0.987	0.948	0.959	0.943	0.957	0.96	1.0	1.0	0.999	0.999	0.999	0.965	0.962	0.96	1.0	1.0	0.983	0.982	0.988	0.989	0.998	0.994	0.993	0.998	0.952	0.94	0.968	1.0	1.0	1.0	0.999	0.997	0.999	0.999	1.0	0.999	1.0	1.0	1.0	0.999	1.0	1.0	1.0	1.0	1.0	1.0	1.0	0.999	1.0	1.0	0.995	1.0	1.0	1.0	1.0	1.0	1.0	0.949	0.947	0.954	0.998	0.998	0.999	1.0	0.953	0.949	0.968	0.999	1.0	1.0
E-BP-2016-1	0.826	0.845	0.817	0.829	0.848	0.76	0.998	1.0	1.0	0.0	0.402	0.297	0.942	0.968	1.0	0.988	0.985	0.667	0.664	0.637	0.548	0.782	0.572	0.686	0.661	0.704	0.945	0.819	0.833	0.536	0.563	0.56	0.999	0.999	1.0	0.507	0.537	0.58	0.669	0.65	0.74	0.889	0.894	0.891	0.859	0.879	0.885	1.0	1.0	1.0	1.0	1.0	1.0	0.955	0.901	0.943	0.863	0.956	0.88	0.998	0.999	1.0	0.934	0.908	0.998	1.0	1.0	0.998	0.998	0.997	0.987	0.987	0.992	0.995	0.998	0.998	0.996	0.993	0.999	0.998	0.982	0.984	0.98	0.99	0.988	0.983	0.998	0.996	0.996	0.998	0.996	0.999	0.998	0.998	0.999	0.988	0.993	0.997	0.999	1.0	1.0	0.999	0.995	0.861	0.848	0.805	0.756	0.867	0.944	0.935	0.95	0.84	0.817	0.879	0.897	0.911	0.892	0.894	0.899	0.909	0.904	0.974	0.973	0.964	0.939	0.946	0.962	0.882	0.847	0.861	0.781	0.795	0.787	0.951	0.949	0.931	0.867	0.892	0.885	0.856	0.907	0.886	0.916	0.905	0.892	0.878	0.869	0.946	0.89	0.917	0.883	0.9	0.87	0.919	0.997	0.998	1.0	0.974	0.953	0.977	0.995	0.996	0.997	1.0	0.938	0.936	0.933
E-BP-2016-2	0.827	0.839	0.824	0.828	0.816	0.72	1.0	1.0	1.0	0.402	0.0	0.372	0.96	0.966	0.999	0.988	0.987	0.744	0.746	0.664	0.632	0.819	0.59	0.715	0.695	0.724	0.944	0.783	0.798	0.505	0.536	0.515	1.0	0.999	1.0	0.555	0.596	0.63	0.671	0.657	0.764	0.874	0.899	0.883	0.856	0.871	0.874	1.0	1.0	1.0	1.0	1.0	1.0	0.945	0.893	0.938	0.856	0.946	0.872	0.998	1.0	1.0	0.931	0.903	0.998	1.0	1.0	0.997	1.0	0.997	0.989	0.989	0.993	0.992	0.998	0.998	0.994	0.993	1.0	0.998	0.982	0.983	0.982	0.995	0.995	0.99	1.0	0.996	1.0	0.998	0.993	0.999	0.997	0.999	0.999	0.985	0.996	0.995	1.0	0.998	1.0	0.999	0.992	0.853	0.833	0.771	0.715	0.858	0.947	0.939	0.947	0.8	0.732	0.858	0.874	0.892	0.887	0.891	0.887	0.903	0.898	0.973	0.975	0.964	0.943	0.945	0.959	0.876	0.844	0.86	0.749	0.746	0.762	0.954	0.946	0.93	0.862	0.879	0.878	0.799	0.904	0.819	0.915	0.905	0.893	0.874	0.851	0.939	0.869	0.913	0.862	0.844	0.856	0.912	0.999	0.996	0.998	0.968	0.953	0.974	0.993	0.996	0.999	0.999	0.937	0.93	0.929
E-BP-2016-3	0.826	0.844	0.824	0.833	0.841	0.747	0.998	1.0	1.0	0.297	0.372	0.0	0.951	0.974	1.0	0.988	0.982	0.679	0.687	0.643	0.569	0.78	0.559	0.705	0.676	0.719	0.953	0.807	0.822	0.543	0.558	0.556	0.997	0.997	0.998	0.499	0.551	0.581	0.661	0.667	0.737	0.896	0.896	0.891	0.864	0.882	0.889	0.998	1.0	0.998	1.0	1.0	1.0	0.955	0.906	0.945	0.872	0.959	0.879	0.998	0.999	0.997	0.927	0.896	0.998	0.999	1.0	0.998	0.999	0.997	0.988	0.99	0.994	0.994	0.998	0.998	0.996	0.994	1.0	0.998	0.983	0.981	0.98	0.987	0.987	0.982	0.997	0.993	0.995	0.996	0.995	0.999	0.997	0.996	0.999	0.988	0.995	0.995	0.999	1.0	1.0	0.998	0.996	0.858	0.844	0.807	0.754	0.868	0.941	0.938	0.955	0.839	0.804	0.868	0.898	0.91	0.89	0.898	0.896	0.907	0.906	0.977	0.977	0.965	0.942	0.949	0.96	0.887	0.85	0.875	0.791	0.784	0.779	0.952	0.951	0.935	0.859	0.877	0.888	0.856	0.902	0.88	0.922	0.913	0.893	0.882	0.864	0.951	0.879	0.925	0.876	0.895	0.861	0.92	0.994	0.994	0.997	0.968	0.952	0.972	0.994	0.992	0.995	0.996	0.931	0.931	0.925
E-CB-2016-2	0.977	0.962	0.978	0.971	0.983	0.98	0.98	0.995	0.997	0.942	0.96	0.951	0.0	0.603	0.994	0.994	0.996	0.978	0.973	0.961	0.918	0.854	0.952	0.961	0.959	0.962	0.99	0.985	0.984	0.942	0.953	0.958	0.999	0.999	0.999	0.844	0.822	0.718	0.942	0.912	0.97	0.984	0.992	0.984	0.984	0.987	0.966	1.0	1.0	0.999	0.999	1.0	0.999	0.995	0.979	0.996	0.97	0.992	0.977	0.996	0.999	0.997	0.989	0.984	0.999	0.999	0.999	0.999	0.999	0.999	0.998	0.996	0.999	0.999	0.998	0.999	0.998	0.998	0.999	0.998	0.996	0.998	0.997	0.998	0.997	0.997	0.998	0.998	0.998	0.999	0.998	0.999	0.999	0.999	0.999	0.994	1.0	0.999	0.999	0.999	0.999	0.999	0.998	0.989	0.988	0.981	0.981	0.984	0.983	0.983	0.984	0.992	0.99	0.987	0.987	0.988	0.98	0.981	0.972	0.986	0.991	0.995	0.998	0.996	0.996	0.993	0.998	0.993	0.99	0.992	0.988	0.987	0.984	0.993	0.988	0.986	0.987	0.989	0.992	0.987	0.987	0.985	0.981	0.975	0.979	0.991	0.988	0.992	0.989	0.984	0.982	0.985	0.981	0.992	0.994	0.996	0.996	0.757	0.766	0.963	0.936	0.998	0.997	0.999	0.994	0.994	0.991
E-CB-2016-3	0.988	0.988	0.992	0.973	0.977	0.984	0.983	0.997	0.999	0.968	0.966	0.974	0.603	0.0	0.996	0.997	0.996	0.987	0.985	0.973	0.931	0.879	0.954	0.969	0.967	0.966	0.996	0.989	0.983	0.954	0.961	0.965	0.999	1.0	0.999	0.88	0.871	0.871	0.972	0.964	0.966	0.991	0.994	0.989	0.996	0.997	0.991	0.999	1.0	1.0	1.0	1.0	1.0	0.997	0.983	0.998	0.98	0.995	0.98	0.998	1.0	1.0	0.99	0.983	1.0	1.0	1.0	1.0	1.0	1.0	1.0	0.999	1.0	1.0	1.0	1.0	1.0	0.998	1.0	1.0	0.999	1.0	0.999	1.0	1.0	1.0	1.0	1.0	1.0	1.0	1.0	1.0	0.999	0.999	0.998	0.999	0.999	0.999	1.0	1.0	1.0	0.999	1.0	0.998	0.995	0.996	0.994	0.995	0.997	0.994	0.996	0.998	0.998	1.0	0.999	0.998	0.999	0.996	0.99	0.997	0.999	0.999	1.0	0.998	1.0	0.999	1.0	0.998	0.999	0.998	0.999	0.997	0.999	1.0	1.0	0.998	0.997	0.999	0.998	0.998	0.999	0.996	0.996	0.993	0.999	0.996	0.999	0.994	0.993	0.994	0.988	0.993	0.994	0.994	1.0	0.997	0.999	0.965	0.975	0.966	0.983	0.999	1.0	1.0	0.994	0.998	0.997
E-CR-2016-1	1.0	1.0	1.0	0.998	0.998	1.0	0.986	0.979	0.991	1.0	0.999	1.0	0.994	0.996	0.0	0.424	0.388	1.0	0.999	0.999	1.0	0.999	0.999	1.0	0.998	0.999	0.994	0.999	0.999	0.997	1.0	1.0	0.997	0.996	0.995	0.995	1.0	1.0	1.0	0.999	1.0	0.999	1.0	1.0	0.999	1.0	0.999	0.983	0.994	0.986	0.998	0.992	0.993	0.999	0.999	0.999	1.0	0.999	1.0	0.958	0.966	0.96	1.0	1.0	0.987	0.99	0.982	0.947	0.926	0.93	0.944	0.938	0.948	0.974	0.973	0.973	0.945	0.952	0.988	0.981	0.982	0.994	0.989	0.991	0.981	0.981	0.958	0.963	0.959	0.964	0.981	0.976	0.938	0.929	0.926	0.983	0.977	0.971	0.935	0.921	0.94	0.944	0.943	1.0	1.0	0.999	1.0	0.999	0.962	0.953	0.968	0.999	1.0	0.984	0.991	0.989	0.988	0.987	0.985	0.995	0.992	0.949	0.955	0.941	1.0	0.998	1.0	0.998	0.996	0.998	1.0	1.0	0.999	0.999	0.999	0.999	0.998	0.999	0.999	1.0	1.0	1.0	1.0	1.0	1.0	0.995	1.0	0.988	1.0	0.996	1.0	1.0	1.0	0.999	0.996	0.992	0.997	1.0	1.0	1.0	1.0	0.995	0.994	0.993	1.0	1.0	1.0
E-CR-2016-2	0.999	0.998	0.999	0.997	0.998	0.999	0.988	0.981	0.991	0.988	0.988	0.988	0.994	0.997	0.424	0.0	0.401	0.994	0.994	0.988	0.989	0.995	0.987	0.989	0.989	0.993	0.991	0.999	1.0	0.986	0.988	0.987	0.996	0.993	0.994	0.981	0.988	0.988	0.993	0.989	0.994	0.998	1.0	1.0	1.0	1.0	1.0	0.984	0.994	0.987	0.998	0.99	0.998	1.0	1.0	1.0	1.0	0.999	1.0	0.967	0.97	0.967	1.0	1.0	0.991	0.993	0.984	0.951	0.941	0.952	0.955	0.95	0.955	0.978	0.978	0.98	0.965	0.973	0.989	0.987	0.982	0.996	0.992	0.993	0.99	0.986	0.971	0.964	0.973	0.972	0.987	0.984	0.952	0.942	0.951	0.99	0.983	0.978	0.953	0.937	0.964	0.96	0.957	1.0	1.0	0.988	0.989	0.988	0.961	0.959	0.972	1.0	1.0	0.974	0.976	0.977	0.989	0.989	0.987	0.997	0.995	0.945	0.949	0.942	1.0	0.997	0.999	0.999	0.997	0.999	0.988	0.988	0.989	0.999	0.999	0.998	0.997	0.999	0.999	0.99	0.995	0.991	0.999	0.999	1.0	1.0	0.999	0.986	0.989	0.994	0.997	0.999	0.997	0.999	0.994	0.992	0.993	1.0	0.999	1.0	1.0	0.996	0.995	0.994	0.999	1.0	1.0
E-CR-2016-3	0.999	0.999	0.998	0.993	0.993	0.989	0.98	0.974	0.985	0.985	0.987	0.982	0.996	0.996	0.388	0.401	0.0	0.993	0.991	0.985	0.981	0.995	0.978	0.981	0.983	0.986	0.988	0.99	0.992	0.983	0.986	0.985	0.992	0.992	0.992	0.973	0.982	0.979	0.99	0.982	0.994	0.999	1.0	1.0	1.0	1.0	1.0	0.98	0.996	0.983	0.998	0.99	0.996	0.994	0.992	0.996	0.992	0.992	0.992	0.958	0.958	0.962	0.992	0.994	0.98	0.987	0.972	0.944	0.936	0.944	0.937	0.948	0.951	0.972	0.969	0.967	0.938	0.968	0.986	0.986	0.99	0.996	0.987	0.988	0.988	0.975	0.95	0.965	0.968	0.957	0.981	0.98	0.944	0.935	0.924	0.985	0.981	0.984	0.939	0.925	0.951	0.946	0.947	0.999	0.999	0.987	0.988	0.989	0.963	0.961	0.965	0.999	0.998	0.982	0.983	0.982	0.987	0.987	0.979	0.996	0.995	0.936	0.939	0.933	1.0	0.998	1.0	0.997	0.999	0.998	0.99	0.99	0.988	1.0	0.999	0.997	0.998	0.998	0.998	0.988	0.995	0.99	1.0	1.0	1.0	0.995	0.998	0.983	0.99	0.997	0.997	1.0	0.997	0.997	0.996	0.989	0.996	1.0	0.999	1.0	1.0	0.993	0.995	0.989	1.0	0.994	0.997
E-DU-2016-1	0.857	0.884	0.851	0.884	0.912	0.893	0.999	1.0	1.0	0.667	0.744	0.679	0.978	0.987	1.0	0.994	0.993	0.0	0.273	0.75	0.581	0.652	0.759	0.699	0.601	0.76	0.969	0.922	0.932	0.818	0.805	0.792	1.0	0.999	1.0	0.806	0.809	0.769	0.637	0.794	0.64	0.948	0.95	0.932	0.909	0.905	0.922	1.0	0.999	1.0	1.0	1.0	1.0	0.924	0.902	0.924	0.912	0.928	0.901	0.999	1.0	1.0	0.954	0.918	0.999	0.995	0.999	0.997	1.0	0.998	0.99	0.988	0.986	0.996	0.995	0.997	0.994	0.99	0.999	0.999	0.998	0.994	0.993	0.995	0.996	0.994	0.998	0.999	1.0	0.997	1.0	0.998	0.998	0.999	1.0	0.995	0.997	0.997	0.999	0.997	0.995	0.996	0.983	0.969	0.953	0.913	0.903	0.924	0.956	0.945	0.954	0.967	0.963	0.969	0.944	0.967	0.967	0.945	0.945	0.967	0.97	0.962	0.959	0.958	0.947	0.942	0.951	0.954	0.955	0.973	0.933	0.914	0.896	0.95	0.957	0.943	0.961	0.971	0.968	0.896	0.891	0.893	0.929	0.929	0.928	0.955	0.969	0.965	0.954	0.93	0.895	0.878	0.872	0.984	0.999	0.996	0.998	0.989	0.984	0.982	0.996	0.997	0.999	0.999	0.926	0.933	0.914
E-DU-2016-2	0.844	0.867	0.832	0.868	0.873	0.884	0.998	1.0	1.0	0.664	0.746	0.687	0.973	0.985	0.999	0.994	0.991	0.273	0.0	0.741	0.629	0.663	0.776	0.681	0.534	0.74	0.964	0.916	0.935	0.79	0.811	0.802	1.0	0.999	1.0	0.794	0.804	0.781	0.591	0.794	0.661	0.922	0.932	0.917	0.903	0.895	0.911	1.0	1.0	1.0	1.0	1.0	0.999	0.917	0.907	0.919	0.903	0.918	0.894	0.993	0.997	0.996	0.928	0.883	0.998	0.997	0.999	0.996	0.997	0.995	0.987	0.99	0.993	0.992	0.995	0.995	0.993	0.991	0.994	0.995	0.989	0.989	0.989	0.993	0.992	0.991	0.996	0.995	0.996	0.995	0.995	0.995	0.996	0.996	0.995	0.989	0.993	0.993	0.997	0.997	0.995	0.995	0.992	0.947	0.94	0.938	0.923	0.942	0.972	0.96	0.972	0.933	0.932	0.974	0.965	0.966	0.974	0.957	0.962	0.946	0.957	0.986	0.985	0.985	0.965	0.958	0.971	0.949	0.938	0.947	0.938	0.937	0.91	0.971	0.974	0.955	0.943	0.965	0.96	0.897	0.912	0.913	0.942	0.943	0.935	0.941	0.946	0.98	0.951	0.946	0.913	0.894	0.881	0.968	1.0	0.997	0.999	0.989	0.985	0.986	0.996	0.999	1.0	1.0	0.937	0.937	0.918
E-DU-2016-3	0.797	0.825	0.798	0.897	0.93	0.842	0.999	1.0	1.0	0.637	0.664	0.643	0.961	0.973	0.999	0.988	0.985	0.75	0.741	0.0	0.592	0.852	0.473	0.352	0.44	0.416	0.979	0.902	0.888	0.628	0.612	0.615	0.999	0.999	1.0	0.627	0.581	0.623	0.784	0.481	0.81	0.857	0.857	0.848	0.825	0.826	0.845	1.0	1.0	1.0	1.0	1.0	1.0	0.919	0.831	0.897	0.786	0.925	0.777	0.995	0.999	0.998	0.924	0.898	0.997	0.999	1.0	0.997	0.998	0.993	0.988	0.988	0.993	0.991	0.997	0.995	0.993	0.989	0.997	0.995	0.982	0.984	0.977	0.988	0.987	0.986	0.997	0.995	0.996	0.994	0.996	0.996	0.998	0.998	0.997	0.985	0.992	0.993	0.998	0.998	0.998	0.997	0.981	0.906	0.891	0.811	0.781	0.84	0.93	0.906	0.922	0.863	0.858	0.922	0.908	0.94	0.904	0.871	0.863	0.948	0.927	0.952	0.938	0.937	0.909	0.908	0.935	0.844	0.874	0.871	0.811	0.818	0.795	0.924	0.92	0.912	0.937	0.942	0.941	0.913	0.909	0.905	0.917	0.906	0.912	0.945	0.91	0.945	0.922	0.925	0.903	0.906	0.877	0.941	1.0	0.998	1.0	0.973	0.949	0.976	0.994	0.997	1.0	1.0	0.9	0.906	0.896
E-JP-2016-1	0.808	0.802	0.796	0.855	0.899	0.81	1.0	1.0	1.0	0.548	0.632	0.569	0.918	0.931	1.0	0.989	0.981	0.581	0.629	0.592	0.0	0.614	0.464	0.546	0.549	0.566	0.939	0.863	0.873	0.621	0.616	0.608	0.999	1.0	1.0	0.496	0.513	0.469	0.642	0.591	0.62	0.891	0.884	0.87	0.874	0.875	0.881	1.0	1.0	1.0	1.0	1.0	1.0	0.929	0.835	0.919	0.815	0.919	0.813	0.997	0.997	0.998	0.844	0.826	0.998	0.998	0.999	0.998	0.999	0.996	0.994	0.994	0.995	0.994	0.998	0.998	0.996	0.994	1.0	0.999	0.991	0.989	0.99	0.994	0.997	0.991	0.999	0.998	0.998	0.998	0.999	1.0	0.999	0.999	0.999	0.988	0.997	0.998	0.997	0.998	1.0	0.998	0.986	0.948	0.932	0.894	0.863	0.888	0.942	0.932	0.945	0.919	0.917	0.944	0.94	0.963	0.939	0.921	0.908	0.95	0.949	0.965	0.971	0.965	0.942	0.935	0.956	0.911	0.924	0.922	0.894	0.881	0.877	0.951	0.948	0.937	0.937	0.947	0.953	0.896	0.897	0.908	0.933	0.924	0.931	0.952	0.937	0.96	0.93	0.935	0.91	0.906	0.885	0.958	0.991	0.986	0.994	0.974	0.972	0.969	0.99	0.991	0.992	0.997	0.847	0.843	0.838
E-JP-2016-2	0.893	0.905	0.89	0.822	0.862	0.9	1.0	1.0	1.0	0.782	0.819	0.78	0.854	0.879	0.999	0.995	0.995	0.652	0.663	0.852	0.614	0.0	0.78	0.758	0.699	0.792	0.969	0.929	0.941	0.857	0.861	0.856	1.0	1.0	1.0	0.751	0.747	0.668	0.665	0.82	0.525	0.951	0.946	0.938	0.904	0.908	0.925	1.0	0.999	1.0	1.0	1.0	1.0	0.9	0.916	0.905	0.906	0.901	0.91	0.999	1.0	1.0	0.934	0.887	1.0	0.999	1.0	0.998	1.0	0.998	0.991	0.993	0.993	0.996	0.999	1.0	0.998	0.996	1.0	0.998	0.995	0.991	0.993	0.998	0.996	0.995	1.0	0.997	0.999	0.998	0.998	0.999	0.998	0.996	0.999	0.996	0.999	1.0	0.999	0.998	0.998	0.995	0.983	0.988	0.989	0.956	0.948	0.957	0.972	0.96	0.964	0.994	0.986	0.987	0.962	0.986	0.979	0.963	0.959	0.987	0.989	0.971	0.974	0.97	0.963	0.95	0.961	0.972	0.974	0.987	0.981	0.962	0.955	0.96	0.97	0.964	0.973	0.985	0.986	0.925	0.918	0.928	0.948	0.958	0.956	0.973	0.984	0.972	0.97	0.952	0.927	0.903	0.908	0.988	0.991	0.989	0.994	0.987	0.994	0.982	0.995	0.993	0.991	0.997	0.928	0.939	0.922
E-JP-2016-3	0.81	0.823	0.807	0.855	0.909	0.798	1.0	1.0	1.0	0.572	0.59	0.559	0.952	0.954	0.999	0.987	0.978	0.759	0.776	0.473	0.464	0.78	0.0	0.518	0.554	0.548	0.959	0.858	0.853	0.54	0.527	0.516	1.0	1.0	1.0	0.51	0.516	0.509	0.753	0.534	0.781	0.874	0.863	0.858	0.856	0.869	0.868	1.0	1.0	1.0	1.0	1.0	1.0	0.921	0.822	0.908	0.797	0.915	0.801	0.999	0.999	1.0	0.904	0.884	1.0	1.0	1.0	1.0	0.999	0.996	0.991	0.993	0.994	0.994	0.998	0.998	0.997	0.995	1.0	1.0	0.989	0.989	0.985	0.989	0.992	0.987	0.998	0.996	0.997	0.998	0.997	1.0	1.0	0.998	0.999	0.99	0.994	0.997	0.997	1.0	1.0	0.999	0.984	0.927	0.915	0.827	0.787	0.829	0.925	0.907	0.925	0.895	0.89	0.904	0.904	0.927	0.905	0.884	0.874	0.948	0.935	0.955	0.952	0.945	0.927	0.928	0.942	0.882	0.904	0.903	0.828	0.819	0.821	0.937	0.936	0.927	0.936	0.941	0.943	0.887	0.911	0.908	0.922	0.911	0.92	0.949	0.931	0.941	0.897	0.931	0.906	0.924	0.892	0.951	0.991	0.989	0.994	0.967	0.961	0.969	0.989	0.991	0.992	0.997	0.897	0.892	0.883
E-LH-2016-1	0.809	0.84	0.81	0.846	0.876	0.811	0.999	1.0	1.0	0.686	0.715	0.705	0.961	0.969	1.0	0.989	0.981	0.699	0.681	0.352	0.546	0.758	0.518	0.0	0.358	0.335	0.957	0.882	0.879	0.654	0.627	0.652	0.999	0.999	1.0	0.671	0.627	0.645	0.667	0.428	0.698	0.862	0.859	0.851	0.802	0.789	0.803	1.0	1.0	1.0	1.0	1.0	1.0	0.859	0.793	0.833	0.762	0.86	0.741	0.999	1.0	1.0	0.888	0.872	0.999	0.999	1.0	0.996	0.999	0.995	0.991	0.992	0.995	0.996	1.0	0.998	0.997	0.992	1.0	1.0	0.993	0.99	0.983	0.991	0.994	0.991	0.999	0.999	0.999	0.998	1.0	0.998	0.996	0.999	0.999	0.992	0.997	0.997	0.997	0.999	1.0	0.998	0.984	0.934	0.923	0.868	0.844	0.841	0.933	0.89	0.902	0.892	0.894	0.952	0.908	0.958	0.932	0.874	0.871	0.961	0.956	0.962	0.944	0.921	0.893	0.877	0.903	0.878	0.916	0.909	0.877	0.877	0.874	0.898	0.889	0.886	0.948	0.964	0.963	0.902	0.864	0.87	0.882	0.888	0.893	0.951	0.933	0.948	0.927	0.924	0.866	0.85	0.843	0.945	0.999	0.998	1.0	0.985	0.97	0.974	0.997	0.996	0.999	1.0	0.883	0.891	0.879
E-LH-2016-2	0.794	0.814	0.802	0.857	0.861	0.851	0.999	1.0	1.0	0.661	0.695	0.676	0.959	0.967	0.998	0.989	0.983	0.601	0.534	0.44	0.549	0.699	0.554	0.358	0.0	0.373	0.95	0.883	0.89	0.675	0.672	0.699	0.999	0.999	1.0	0.675	0.621	0.671	0.602	0.513	0.694	0.855	0.855	0.842	0.838	0.83	0.852	1.0	1.0	1.0	1.0	1.0	0.999	0.906	0.849	0.882	0.822	0.9	0.811	0.996	0.999	0.998	0.893	0.854	0.997	0.998	0.998	0.995	0.999	0.995	0.991	0.991	0.994	0.994	0.998	0.997	0.995	0.993	0.999	0.998	0.99	0.99	0.985	0.988	0.986	0.985	0.996	0.997	0.995	0.998	0.997	0.997	0.995	0.996	0.997	0.991	0.996	0.997	0.998	0.998	0.998	0.997	0.992	0.939	0.922	0.9	0.869	0.914	0.952	0.946	0.96	0.899	0.896	0.949	0.951	0.954	0.95	0.931	0.927	0.96	0.946	0.976	0.978	0.974	0.946	0.927	0.963	0.902	0.916	0.91	0.878	0.879	0.88	0.954	0.949	0.944	0.945	0.96	0.955	0.92	0.928	0.933	0.943	0.943	0.946	0.94	0.939	0.962	0.937	0.942	0.928	0.914	0.903	0.947	0.998	0.996	0.995	0.981	0.96	0.971	0.993	0.996	0.998	0.998	0.898	0.896	0.885
E-LH-2016-3	0.824	0.853	0.832	0.874	0.893	0.85	0.999	0.999	0.999	0.704	0.724	0.719	0.962	0.966	0.999	0.993	0.986	0.76	0.74	0.416	0.566	0.792	0.548	0.335	0.373	0.0	0.957	0.89	0.885	0.682	0.681	0.694	0.999	1.0	1.0	0.672	0.638	0.668	0.715	0.477	0.75	0.85	0.848	0.835	0.85	0.837	0.852	0.999	1.0	0.999	1.0	0.999	1.0	0.916	0.836	0.891	0.79	0.911	0.784	0.997	0.999	1.0	0.908	0.891	0.996	0.999	0.999	0.996	1.0	0.996	0.99	0.992	0.995	0.994	0.999	0.997	0.993	0.992	1.0	0.999	0.987	0.987	0.982	0.994	0.995	0.989	0.999	0.996	0.999	0.999	0.998	1.0	0.997	0.999	0.998	0.99	0.996	0.997	0.997	0.999	0.999	0.996	0.981	0.926	0.923	0.888	0.857	0.895	0.93	0.92	0.94	0.884	0.882	0.949	0.941	0.96	0.918	0.901	0.891	0.958	0.943	0.964	0.967	0.961	0.925	0.908	0.943	0.885	0.898	0.91	0.885	0.887	0.882	0.938	0.928	0.93	0.954	0.962	0.954	0.916	0.918	0.922	0.933	0.929	0.933	0.952	0.927	0.951	0.935	0.933	0.909	0.899	0.882	0.94	0.997	0.996	0.997	0.984	0.968	0.973	0.995	0.994	0.996	0.998	0.902	0.902	0.886
E-PM-2016-1	0.975	0.974	0.976	0.382	0.422	0.728	0.999	1.0	1.0	0.945	0.944	0.953	0.99	0.996	0.994	0.991	0.988	0.969	0.964	0.979	0.939	0.969	0.959	0.957	0.95	0.957	0.0	0.816	0.783	0.966	0.969	0.964	1.0	1.0	1.0	0.949	0.982	0.983	0.923	0.961	0.945	0.968	0.96	0.963	0.977	0.979	0.973	1.0	1.0	1.0	1.0	1.0	1.0	0.949	0.917	0.963	0.923	0.933	0.954	1.0	1.0	1.0	0.975	0.979	1.0	1.0	1.0	0.996	1.0	0.998	0.998	0.998	0.999	0.996	0.998	1.0	0.999	0.997	1.0	0.999	1.0	0.999	0.999	0.999	0.999	0.998	1.0	0.998	0.999	0.999	0.998	1.0	0.996	0.997	1.0	0.993	1.0	0.999	0.999	0.998	0.999	0.994	0.993	0.983	0.984	0.991	0.986	0.994	0.994	0.989	0.992	0.985	0.984	0.996	0.994	0.998	0.992	0.991	0.994	0.985	0.984	0.994	0.993	0.994	0.988	0.985	0.988	0.988	0.976	0.988	0.997	0.994	0.988	0.991	0.989	0.98	0.981	0.986	0.986	0.969	0.974	0.973	0.967	0.972	0.971	0.975	0.983	0.986	0.982	0.968	0.966	0.959	0.954	0.992	1.0	0.999	1.0	1.0	1.0	0.999	1.0	1.0	0.999	1.0	0.976	0.973	0.981
E-PM-2016-2	0.926	0.935	0.925	0.769	0.808	0.474	0.999	1.0	1.0	0.819	0.783	0.807	0.985	0.989	0.999	0.999	0.99	0.922	0.916	0.902	0.863	0.929	0.858	0.882	0.883	0.89	0.816	0.0	0.222	0.84	0.848	0.828	0.999	0.999	1.0	0.863	0.899	0.9	0.871	0.865	0.911	0.912	0.92	0.912	0.908	0.927	0.925	1.0	1.0	1.0	1.0	1.0	1.0	0.9	0.834	0.911	0.825	0.881	0.86	0.996	1.0	1.0	0.924	0.927	0.996	1.0	1.0	0.995	0.999	0.999	0.996	0.996	0.997	0.992	0.999	1.0	0.996	0.992	0.999	1.0	0.994	0.991	0.989	0.997	0.997	0.996	1.0	0.998	1.0	0.998	0.998	1.0	0.996	1.0	0.998	0.986	0.996	0.997	0.999	0.998	0.999	0.996	0.989	0.921	0.916	0.954	0.935	0.946	0.964	0.963	0.96	0.92	0.906	0.983	0.966	0.982	0.964	0.959	0.95	0.935	0.944	0.978	0.982	0.982	0.964	0.954	0.965	0.932	0.907	0.935	0.961	0.955	0.943	0.965	0.957	0.947	0.941	0.947	0.941	0.929	0.935	0.935	0.937	0.939	0.927	0.923	0.924	0.957	0.942	0.93	0.926	0.93	0.912	0.944	0.993	0.99	0.995	0.991	0.985	0.996	1.0	0.994	0.994	0.997	0.922	0.932	0.929
E-PM-2016-3	0.944	0.954	0.945	0.761	0.8	0.473	0.998	1.0	1.0	0.833	0.798	0.822	0.984	0.983	0.999	1.0	0.992	0.932	0.935	0.888	0.873	0.941	0.853	0.879	0.89	0.885	0.783	0.222	0.0	0.843	0.853	0.829	1.0	0.999	1.0	0.875	0.9	0.903	0.899	0.874	0.91	0.923	0.927	0.924	0.926	0.933	0.932	1.0	1.0	1.0	1.0	1.0	1.0	0.904	0.83	0.908	0.83	0.883	0.856	0.997	1.0	1.0	0.94	0.933	0.995	0.999	1.0	0.997	1.0	0.997	0.996	0.996	1.0	0.996	0.999	1.0	0.996	0.992	1.0	0.999	0.986	0.991	0.985	0.996	0.999	0.995	1.0	0.999	1.0	0.999	0.999	1.0	0.997	1.0	0.999	0.986	0.993	0.998	0.999	1.0	1.0	0.999	0.982	0.923	0.913	0.946	0.93	0.939	0.962	0.952	0.951	0.935	0.931	0.979	0.962	0.987	0.964	0.951	0.939	0.946	0.953	0.973	0.977	0.977	0.955	0.956	0.959	0.933	0.915	0.938	0.96	0.947	0.938	0.956	0.955	0.951	0.944	0.936	0.941	0.928	0.937	0.935	0.937	0.937	0.929	0.935	0.943	0.957	0.946	0.934	0.919	0.93	0.905	0.948	0.996	0.994	0.998	0.991	0.986	0.99	0.998	0.998	0.996	0.999	0.946	0.945	0.948
E-TB-2016-1	0.84	0.837	0.825	0.893	0.909	0.812	0.998	1.0	1.0	0.536	0.505	0.543	0.942	0.954	0.997	0.986	0.983	0.818	0.79	0.628	0.621	0.857	0.54	0.654	0.675	0.682	0.966	0.84	0.843	0.0	0.326	0.34	1.0	0.998	0.999	0.582	0.602	0.635	0.783	0.619	0.799	0.878	0.893	0.878	0.859	0.864	0.857	1.0	0.999	0.999	1.0	1.0	1.0	0.952	0.896	0.925	0.862	0.948	0.867	0.991	0.998	0.991	0.919	0.901	0.996	0.994	0.995	0.987	0.994	0.988	0.984	0.976	0.986	0.985	0.99	0.989	0.988	0.989	0.991	0.99	0.981	0.973	0.973	0.981	0.981	0.972	0.99	0.985	0.987	0.986	0.991	0.994	0.992	0.989	0.99	0.978	0.982	0.985	0.991	0.993	0.993	0.989	0.985	0.877	0.865	0.792	0.734	0.849	0.933	0.925	0.933	0.865	0.862	0.868	0.879	0.895	0.9	0.9	0.866	0.916	0.911	0.969	0.966	0.968	0.943	0.94	0.962	0.867	0.856	0.864	0.761	0.748	0.78	0.961	0.946	0.937	0.907	0.903	0.92	0.915	0.939	0.932	0.931	0.917	0.913	0.909	0.904	0.952	0.892	0.93	0.928	0.94	0.912	0.916	0.999	0.996	0.998	0.958	0.943	0.974	0.989	0.999	0.998	0.998	0.938	0.932	0.921
E-TB-2016-2	0.836	0.844	0.822	0.904	0.92	0.819	0.998	0.999	0.998	0.563	0.536	0.558	0.953	0.961	1.0	0.988	0.986	0.805	0.811	0.612	0.616	0.861	0.527	0.627	0.672	0.681	0.969	0.848	0.853	0.326	0.0	0.352	1.0	0.998	1.0	0.559	0.616	0.628	0.794	0.581	0.809	0.865	0.872	0.861	0.855	0.87	0.86	1.0	0.999	1.0	1.0	1.0	0.999	0.934	0.865	0.914	0.832	0.939	0.845	0.993	0.998	0.995	0.922	0.91	0.997	0.996	0.996	0.993	0.997	0.989	0.985	0.985	0.988	0.992	0.992	0.991	0.99	0.988	0.995	0.995	0.981	0.973	0.976	0.985	0.986	0.981	0.991	0.993	0.991	0.996	0.994	0.996	0.993	0.995	0.994	0.98	0.989	0.989	0.995	0.996	0.992	0.995	0.986	0.871	0.87	0.768	0.714	0.832	0.925	0.921	0.921	0.87	0.863	0.878	0.871	0.897	0.896	0.909	0.861	0.927	0.916	0.962	0.963	0.954	0.933	0.932	0.953	0.863	0.86	0.863	0.76	0.739	0.772	0.945	0.926	0.929	0.907	0.888	0.911	0.904	0.94	0.932	0.937	0.902	0.921	0.926	0.907	0.935	0.886	0.926	0.926	0.942	0.911	0.911	1.0	0.997	0.999	0.963	0.946	0.972	0.99	0.997	1.0	1.0	0.922	0.918	0.91
E-TB-2016-3	0.81	0.816	0.783	0.893	0.926	0.784	0.999	1.0	1.0	0.56	0.515	0.556	0.958	0.965	1.0	0.987	0.985	0.792	0.802	0.615	0.608	0.856	0.516	0.652	0.699	0.694	0.964	0.828	0.829	0.34	0.352	0.0	0.999	0.998	0.998	0.557	0.609	0.613	0.784	0.618	0.809	0.879	0.884	0.874	0.835	0.846	0.853	1.0	1.0	1.0	1.0	1.0	1.0	0.928	0.866	0.901	0.837	0.92	0.842	0.992	0.999	0.996	0.92	0.896	0.999	0.997	0.995	0.993	0.997	0.991	0.987	0.983	0.992	0.988	0.995	0.995	0.992	0.99	0.995	0.993	0.978	0.976	0.975	0.985	0.985	0.982	0.993	0.994	0.994	0.994	0.994	0.996	0.994	0.994	0.994	0.982	0.984	0.989	0.993	0.995	0.997	0.994	0.977	0.892	0.874	0.773	0.708	0.83	0.923	0.902	0.913	0.868	0.855	0.864	0.865	0.899	0.887	0.876	0.849	0.927	0.921	0.954	0.95	0.944	0.923	0.926	0.941	0.85	0.865	0.874	0.76	0.733	0.772	0.934	0.928	0.922	0.917	0.916	0.927	0.898	0.931	0.923	0.929	0.898	0.913	0.922	0.918	0.935	0.889	0.92	0.911	0.935	0.9	0.925	0.998	0.995	0.997	0.959	0.939	0.974	0.991	0.997	0.998	0.998	0.91	0.912	0.895
E-TL-2016-1	1.0	0.999	1.0	1.0	1.0	0.999	0.907	0.931	0.917	0.999	1.0	0.997	0.999	0.999	0.997	0.996	0.992	1.0	1.0	0.999	0.999	1.0	1.0	0.999	0.999	0.999	1.0	0.999	1.0	1.0	1.0	0.999	0.0	0.343	0.393	0.999	0.999	0.999	1.0	0.999	1.0	1.0	0.999	0.999	1.0	1.0	1.0	0.64	0.792	0.636	0.765	0.652	0.713	1.0	1.0	1.0	0.999	1.0	1.0	0.911	0.926	0.945	0.998	1.0	0.986	0.977	0.98	0.97	0.954	0.966	0.931	0.95	0.936	0.954	0.96	0.954	0.967	0.98	0.955	0.948	0.978	0.978	0.979	0.965	0.964	0.961	0.952	0.959	0.958	0.963	0.978	0.977	0.97	0.931	0.937	0.982	0.98	0.977	0.959	0.961	0.946	0.954	0.946	1.0	1.0	1.0	1.0	0.999	0.952	0.952	0.955	1.0	1.0	0.989	0.985	0.985	0.98	0.986	0.994	0.986	0.995	0.95	0.942	0.956	1.0	1.0	1.0	0.998	0.994	1.0	1.0	1.0	1.0	1.0	0.999	1.0	0.999	1.0	1.0	1.0	1.0	1.0	0.999	1.0	0.999	0.999	1.0	0.992	1.0	1.0	1.0	1.0	1.0	0.999	0.798	0.779	0.797	0.999	0.999	1.0	1.0	0.777	0.787	0.873	0.999	1.0	1.0
E-TL-2016-2	1.0	0.999	1.0	1.0	1.0	1.0	0.939	0.956	0.944	0.999	0.999	0.997	0.999	1.0	0.996	0.993	0.992	0.999	0.999	0.999	1.0	1.0	1.0	0.999	0.999	1.0	1.0	0.999	0.999	0.998	0.998	0.998	0.343	0.0	0.342	0.999	0.999	1.0	1.0	0.999	0.999	1.0	0.999	0.999	1.0	1.0	1.0	0.708	0.738	0.7	0.734	0.716	0.683	1.0	1.0	1.0	0.999	1.0	1.0	0.937	0.937	0.955	0.999	1.0	0.987	0.985	0.987	0.975	0.966	0.971	0.956	0.959	0.957	0.967	0.972	0.961	0.971	0.982	0.976	0.972	0.984	0.978	0.986	0.974	0.979	0.973	0.968	0.971	0.974	0.979	0.98	0.986	0.981	0.959	0.956	0.981	0.985	0.981	0.973	0.965	0.963	0.964	0.964	1.0	0.999	1.0	0.999	0.999	0.957	0.969	0.964	1.0	1.0	0.988	0.984	0.986	0.984	0.99	0.993	0.989	0.997	0.958	0.962	0.967	0.999	0.999	1.0	0.999	0.994	1.0	0.999	0.999	1.0	0.999	0.999	1.0	0.998	1.0	1.0	0.999	0.999	0.998	0.998	0.999	0.999	1.0	1.0	0.991	0.999	0.999	0.999	0.999	0.999	1.0	0.791	0.754	0.782	0.999	0.998	1.0	1.0	0.735	0.761	0.84	0.999	1.0	1.0
E-TL-2016-3	1.0	0.999	1.0	1.0	1.0	1.0	0.948	0.968	0.96	1.0	1.0	0.998	0.999	0.999	0.995	0.994	0.992	1.0	1.0	1.0	1.0	1.0	1.0	1.0	1.0	1.0	1.0	1.0	1.0	0.999	1.0	0.998	0.393	0.342	0.0	1.0	1.0	1.0	1.0	1.0	1.0	1.0	0.999	0.999	1.0	1.0	1.0	0.626	0.757	0.629	0.776	0.644	0.731	1.0	1.0	1.0	0.999	1.0	1.0	0.957	0.941	0.955	0.999	1.0	0.988	0.982	0.986	0.978	0.965	0.97	0.966	0.965	0.965	0.97	0.982	0.972	0.978	0.984	0.981	0.974	0.986	0.991	0.988	0.978	0.98	0.974	0.967	0.972	0.973	0.981	0.985	0.986	0.98	0.968	0.963	0.989	0.988	0.98	0.979	0.971	0.967	0.968	0.971	1.0	1.0	1.0	1.0	0.999	0.968	0.976	0.973	1.0	1.0	0.991	0.987	0.989	0.989	0.995	0.994	0.991	0.996	0.967	0.967	0.969	1.0	0.999	1.0	0.999	0.995	1.0	1.0	1.0	1.0	1.0	0.999	1.0	0.999	1.0	1.0	1.0	1.0	0.999	0.998	1.0	0.999	0.999	1.0	0.992	1.0	1.0	1.0	1.0	1.0	0.999	0.782	0.751	0.769	0.999	0.998	1.0	1.0	0.74	0.774	0.844	1.0	1.0	1.0
E-VP-2016-1	0.809	0.803	0.823	0.874	0.903	0.818	1.0	1.0	1.0	0.507	0.555	0.499	0.844	0.88	0.995	0.981	0.973	0.806	0.794	0.627	0.496	0.751	0.51	0.671	0.675	0.672	0.949	0.863	0.875	0.582	0.559	0.557	0.999	0.999	1.0	0.0	0.318	0.391	0.774	0.651	0.822	0.898	0.897	0.894	0.87	0.886	0.888	1.0	1.0	1.0	1.0	1.0	1.0	0.95	0.864	0.946	0.833	0.942	0.828	0.999	1.0	0.999	0.848	0.822	0.999	1.0	1.0	0.999	1.0	0.996	0.993	0.993	0.995	0.994	0.999	0.999	0.997	0.994	1.0	0.998	0.985	0.987	0.979	0.994	0.995	0.991	1.0	0.999	1.0	0.999	0.996	1.0	0.999	1.0	0.999	0.99	0.996	0.996	1.0	1.0	1.0	0.998	0.983	0.91	0.891	0.837	0.799	0.864	0.947	0.932	0.951	0.893	0.877	0.885	0.916	0.925	0.873	0.884	0.884	0.935	0.92	0.966	0.975	0.958	0.938	0.949	0.958	0.896	0.896	0.889	0.835	0.829	0.84	0.946	0.946	0.937	0.924	0.92	0.919	0.911	0.94	0.935	0.938	0.926	0.932	0.94	0.923	0.948	0.895	0.943	0.936	0.959	0.905	0.943	0.991	0.986	0.993	0.967	0.954	0.963	0.991	0.991	0.992	0.997	0.857	0.851	0.843
E-VP-2016-2	0.786	0.797	0.809	0.905	0.934	0.844	0.999	1.0	1.0	0.537	0.596	0.551	0.822	0.871	1.0	0.988	0.982	0.809	0.804	0.581	0.513	0.747	0.516	0.627	0.621	0.638	0.982	0.899	0.9	0.602	0.616	0.609	0.999	0.999	1.0	0.318	0.0	0.371	0.774	0.609	0.827	0.888	0.879	0.885	0.865	0.875	0.885	1.0	1.0	1.0	1.0	1.0	1.0	0.957	0.869	0.941	0.834	0.962	0.829	0.999	1.0	1.0	0.869	0.842	0.999	0.999	1.0	1.0	1.0	0.996	0.99	0.99	0.995	0.996	1.0	0.998	0.998	0.995	1.0	0.999	0.987	0.989	0.983	0.993	0.992	0.989	1.0	1.0	0.999	0.999	0.996	1.0	1.0	1.0	0.999	0.992	0.993	0.996	1.0	1.0	1.0	0.999	0.989	0.917	0.893	0.846	0.834	0.892	0.947	0.937	0.955	0.881	0.874	0.9	0.923	0.944	0.876	0.882	0.88	0.936	0.931	0.97	0.978	0.967	0.942	0.942	0.959	0.886	0.899	0.89	0.843	0.841	0.859	0.949	0.949	0.934	0.93	0.941	0.933	0.925	0.946	0.94	0.945	0.937	0.938	0.946	0.924	0.953	0.919	0.952	0.946	0.961	0.921	0.945	0.991	0.986	0.994	0.966	0.939	0.96	0.991	0.992	0.992	0.997	0.875	0.874	0.869
E-VP-2016-3	0.816	0.821	0.816	0.892	0.938	0.842	1.0	1.0	1.0	0.58	0.63	0.581	0.718	0.871	1.0	0.988	0.979	0.769	0.781	0.623	0.469	0.668	0.509	0.645	0.671	0.668	0.983	0.9	0.903	0.635	0.628	0.613	0.999	1.0	1.0	0.391	0.371	0.0	0.76	0.66	0.774	0.915	0.905	0.901	0.874	0.885	0.881	1.0	1.0	1.0	1.0	1.0	1.0	0.939	0.868	0.933	0.85	0.94	0.843	0.999	1.0	0.999	0.864	0.839	0.999	1.0	1.0	1.0	0.999	0.997	0.994	0.993	0.993	0.996	0.999	0.999	0.996	0.997	0.999	0.999	0.987	0.989	0.984	0.997	0.995	0.993	0.999	0.997	0.999	0.998	1.0	0.999	1.0	0.999	0.998	0.992	0.996	0.997	0.999	0.998	1.0	0.999	0.984	0.932	0.918	0.846	0.823	0.858	0.935	0.921	0.937	0.907	0.897	0.923	0.914	0.947	0.899	0.883	0.876	0.948	0.947	0.955	0.955	0.948	0.939	0.943	0.951	0.897	0.922	0.916	0.855	0.844	0.844	0.947	0.944	0.939	0.943	0.949	0.949	0.901	0.914	0.9	0.934	0.931	0.925	0.96	0.946	0.951	0.924	0.943	0.9	0.919	0.891	0.955	0.991	0.987	0.994	0.965	0.961	0.972	0.991	0.991	0.992	0.997	0.848	0.844	0.837
E-WC-2016-1	0.859	0.861	0.852	0.781	0.698	0.826	0.999	1.0	1.0	0.669	0.671	0.661	0.942	0.972	1.0	0.993	0.99	0.637	0.591	0.784	0.642	0.665	0.753	0.667	0.602	0.715	0.923	0.871	0.899	0.783	0.794	0.784	1.0	1.0	1.0	0.774	0.774	0.76	0.0	0.696	0.499	0.917	0.917	0.912	0.85	0.858	0.876	1.0	0.999	1.0	1.0	1.0	1.0	0.778	0.908	0.88	0.911	0.782	0.902	0.997	0.998	0.997	0.901	0.851	0.998	0.996	0.998	0.994	0.998	0.995	0.988	0.988	0.989	0.993	0.995	0.998	0.995	0.993	0.997	0.996	0.987	0.991	0.986	0.991	0.992	0.991	0.997	0.995	0.998	0.995	0.993	0.996	0.994	0.994	0.996	0.981	0.993	0.992	0.997	0.995	0.995	0.993	0.986	0.912	0.899	0.93	0.902	0.938	0.969	0.954	0.965	0.885	0.84	0.964	0.959	0.968	0.965	0.951	0.952	0.929	0.95	0.981	0.983	0.979	0.957	0.935	0.956	0.943	0.89	0.934	0.929	0.926	0.919	0.961	0.961	0.939	0.873	0.925	0.932	0.851	0.878	0.856	0.893	0.914	0.891	0.845	0.882	0.963	0.933	0.924	0.867	0.848	0.852	0.937	1.0	0.998	0.999	0.988	0.982	0.973	0.996	0.998	1.0	1.0	0.902	0.906	0.891
