	E-JT-526	E-SOG-4619	E-LS-526	E-CR-2016	E-TL-2016	E-VP-2016	E-DS-428	E-TL-Aug-2014	E-WP-623	E-SOG-6527	E-SOG-4424	E-TL-Jul-2014	E-SOG-5619	E-CB-2016	E-LH-2016	E-BP-2016	E-TI-2014	E-PM-Aug-2014	E-SOG-1619	E-DU-Jul-2014	E-JP-2016	E-JT-623	E-LS-428	E-SOG-4527	E-WV-Aug-2014	E-WC-2016	E-PM-Jul-2014	E-SOG-7424	E-SOG-2527	E-LS-623	E-TB-2016	E-PM-Jula-2014	E-Tca-7-2014	E-FR-7-2014	E-DS-623	E-WP-526	E-PM-2016	E-BA-2016	E-MT-526	E-WV-Jula-2014	E-WP-428	E-JT-428	E-DU-2016	E-SOG-1424	E-SOG-2619	E-SOG-6424	E-SOG-5527	E-BL-2016	E-DU-Jula-2014	E-MT-623	E-SOG-3619	E-MT-428	E-TC-2014	E-SOG-1527	E-T7-2014	E-SOG-3527	E-SOG-3424	E-SOG-2424	E-SOG-6619	E-SOG-5424
E-JT-526	0.0	0.99	0.656	0.937	0.971	1.0	0.783	0.99	0.679	0.965	0.941	0.983	0.983	0.999	0.999	0.999	1.0	0.999	0.794	0.999	0.999	0.674	0.801	0.98	0.999	0.995	0.999	0.977	0.827	0.837	0.993	0.997	0.99	0.86	0.916	0.551	0.999	0.998	0.559	1.0	0.816	0.853	0.999	0.977	0.878	0.978	0.99	0.958	1.0	0.691	0.995	0.774	1.0	0.986	0.992	0.638	0.903	0.971	0.986	0.975
E-SOG-4619	0.99	0.0	0.995	1.0	1.0	0.948	0.994	0.999	0.968	0.811	0.888	0.999	0.418	0.996	0.918	0.943	0.999	0.908	0.841	0.945	0.949	0.988	0.987	0.903	0.751	0.926	0.848	0.882	0.929	0.992	0.935	0.963	0.999	0.998	0.997	0.997	0.959	0.968	0.992	0.96	0.986	0.968	0.943	0.857	0.72	0.878	0.667	1.0	0.942	0.99	0.391	0.992	0.982	0.734	1.0	0.905	0.904	0.919	0.749	0.881
E-LS-526	0.656	0.995	0.0	0.961	0.962	0.995	0.697	0.985	0.714	0.974	0.965	0.978	0.991	0.999	0.998	0.996	0.999	0.999	0.779	0.998	0.997	0.719	0.7	0.983	0.998	0.994	0.998	0.992	0.853	0.668	0.991	0.999	0.976	0.836	0.871	0.691	0.997	0.999	0.668	0.997	0.828	0.879	0.998	0.984	0.888	0.991	0.99	0.933	0.994	0.797	0.998	0.814	0.997	0.986	0.978	0.705	0.921	0.983	0.993	0.981
E-CR-2016	0.937	1.0	0.961	0.0	0.994	0.984	0.98	0.981	0.938	0.992	0.996	0.992	1.0	0.993	0.991	0.988	0.999	0.995	0.967	1.0	0.99	0.941	0.98	0.992	1.0	0.991	0.993	0.999	0.979	0.973	0.991	0.997	0.994	0.962	0.987	0.934	0.99	0.994	0.928	0.998	0.982	0.981	0.992	0.998	0.983	0.996	0.993	0.985	0.999	0.944	1.0	0.969	0.999	0.993	0.991	0.945	0.991	0.996	0.999	0.999
E-TL-2016	0.971	1.0	0.962	0.994	0.0	0.999	0.965	0.655	0.958	0.996	0.999	0.765	1.0	0.998	1.0	1.0	0.999	1.0	0.969	1.0	1.0	0.956	0.972	1.0	0.999	0.999	1.0	1.0	0.989	0.958	1.0	1.0	0.766	0.941	0.974	0.961	1.0	1.0	0.96	1.0	0.983	0.984	1.0	1.0	0.983	0.999	1.0	0.943	0.999	0.969	0.999	0.983	0.999	1.0	0.766	0.966	0.995	1.0	1.0	1.0
E-VP-2016	1.0	0.948	0.995	0.984	0.999	0.0	0.998	0.999	0.989	0.94	0.877	1.0	0.939	0.811	0.625	0.552	0.982	0.944	0.92	0.879	0.572	0.992	0.989	0.828	0.887	0.689	0.827	0.939	0.912	0.999	0.584	0.846	0.99	0.999	1.0	0.999	0.897	0.901	1.0	0.855	0.992	0.971	0.666	0.909	0.878	0.945	0.914	0.999	0.805	0.991	0.945	0.997	0.958	0.822	0.99	0.967	0.933	0.885	0.925	0.935
E-DS-428	0.783	0.994	0.697	0.98	0.965	0.998	0.0	0.995	0.818	0.978	0.921	0.992	0.991	0.999	0.999	0.998	1.0	0.999	0.845	0.999	0.999	0.781	0.611	0.978	0.999	0.999	0.999	0.989	0.897	0.759	0.995	0.999	0.993	0.876	0.888	0.795	0.999	1.0	0.786	0.999	0.762	0.804	0.998	0.986	0.902	0.985	0.995	0.902	0.999	0.877	0.997	0.786	1.0	0.985	0.993	0.804	0.873	0.973	0.997	0.986
E-TL-Aug-2014	0.99	0.999	0.985	0.981	0.655	0.999	0.995	0.0	0.985	0.997	1.0	0.632	1.0	0.999	1.0	1.0	0.999	1.0	0.989	1.0	1.0	0.981	0.992	1.0	0.999	1.0	1.0	1.0	0.997	0.984	1.0	1.0	0.679	0.978	0.989	0.982	1.0	1.0	0.981	1.0	0.999	0.996	0.999	1.0	0.99	0.999	1.0	0.968	0.999	0.988	1.0	0.994	0.999	1.0	0.652	0.994	0.996	0.999	1.0	1.0
E-WP-623	0.679	0.968	0.714	0.938	0.958	0.989	0.818	0.985	0.0	0.953	0.962	0.973	0.965	0.996	0.993	0.997	1.0	0.993	0.709	0.995	0.992	0.57	0.832	0.976	0.983	0.99	0.99	0.981	0.871	0.774	0.986	0.996	0.987	0.816	0.862	0.703	0.989	0.994	0.673	0.991	0.845	0.896	0.992	0.972	0.831	0.975	0.968	0.945	0.991	0.667	0.969	0.831	1.0	0.969	0.986	0.714	0.913	0.98	0.979	0.972
E-SOG-6527	0.965	0.811	0.974	0.992	0.996	0.94	0.978	0.997	0.953	0.0	0.848	0.995	0.771	0.985	0.938	0.897	0.997	0.967	0.89	0.957	0.951	0.957	0.971	0.859	0.888	0.925	0.942	0.823	0.897	0.978	0.899	0.961	0.997	0.985	0.984	0.969	0.953	0.957	0.967	0.957	0.963	0.927	0.943	0.824	0.812	0.844	0.757	0.995	0.94	0.964	0.856	0.974	0.982	0.792	0.996	0.902	0.859	0.898	0.818	0.803
E-SOG-4424	0.941	0.888	0.965	0.996	0.999	0.877	0.921	1.0	0.962	0.848	0.0	1.0	0.857	0.996	0.897	0.859	0.993	0.961	0.855	0.873	0.936	0.954	0.907	0.794	0.898	0.894	0.908	0.604	0.9	0.957	0.85	0.954	0.999	0.966	0.977	0.957	0.933	0.959	0.957	0.957	0.877	0.821	0.894	0.557	0.816	0.669	0.865	0.999	0.874	0.959	0.908	0.876	0.981	0.81	1.0	0.936	0.668	0.527	0.871	0.626
E-TL-Jul-2014	0.983	0.999	0.978	0.992	0.765	1.0	0.992	0.632	0.973	0.995	1.0	0.0	1.0	0.999	1.0	1.0	1.0	1.0	0.985	1.0	1.0	0.976	0.991	1.0	1.0	0.999	1.0	1.0	0.994	0.975	1.0	1.0	0.65	0.974	0.989	0.985	1.0	1.0	0.981	1.0	0.993	0.994	1.0	1.0	0.989	1.0	1.0	0.962	1.0	0.981	1.0	0.986	0.999	0.999	0.655	0.986	0.998	1.0	1.0	1.0
E-SOG-5619	0.983	0.418	0.991	1.0	1.0	0.939	0.991	1.0	0.965	0.771	0.857	1.0	0.0	0.989	0.915	0.897	1.0	0.902	0.828	0.954	0.943	0.978	0.986	0.868	0.728	0.887	0.857	0.874	0.912	0.987	0.922	0.96	1.0	0.999	0.994	0.99	0.946	0.938	0.981	0.956	0.98	0.957	0.913	0.824	0.731	0.834	0.599	1.0	0.931	0.978	0.447	0.988	0.984	0.704	1.0	0.9	0.867	0.884	0.625	0.817
E-CB-2016	0.999	0.996	0.999	0.993	0.998	0.811	0.999	0.999	0.996	0.985	0.996	0.999	0.989	0.0	0.965	0.953	0.949	0.997	0.986	0.991	0.899	0.996	0.999	0.99	0.99	0.953	0.975	0.997	0.987	0.999	0.959	0.986	0.998	0.996	0.999	0.998	0.983	0.978	0.997	0.996	0.999	0.996	0.967	0.994	0.988	0.988	0.99	0.998	0.978	0.997	0.998	0.998	0.87	0.979	0.998	0.996	0.995	0.997	0.989	0.991
E-LH-2016	0.999	0.918	0.998	0.991	1.0	0.625	0.999	1.0	0.993	0.938	0.897	1.0	0.915	0.965	0.0	0.664	0.986	0.871	0.901	0.831	0.586	0.996	0.992	0.881	0.818	0.564	0.781	0.938	0.938	0.998	0.665	0.88	0.999	0.998	0.999	0.999	0.874	0.856	0.999	0.885	0.996	0.983	0.52	0.925	0.887	0.945	0.871	1.0	0.796	0.993	0.902	0.999	0.973	0.847	0.998	0.952	0.949	0.879	0.872	0.948
E-BP-2016	0.999	0.943	0.996	0.988	1.0	0.552	0.998	1.0	0.997	0.897	0.859	1.0	0.897	0.953	0.664	0.0	0.985	0.944	0.926	0.88	0.646	0.99	0.984	0.776	0.889	0.622	0.862	0.91	0.883	0.999	0.503	0.924	0.997	0.999	1.0	1.0	0.79	0.802	1.0	0.927	0.99	0.978	0.622	0.846	0.9	0.864	0.827	1.0	0.839	0.99	0.935	0.997	0.96	0.775	0.999	0.957	0.905	0.796	0.849	0.872
E-TI-2014	1.0	0.999	0.999	0.999	0.999	0.982	1.0	0.999	1.0	0.997	0.993	1.0	1.0	0.949	0.986	0.985	0.0	0.991	0.991	0.995	0.986	1.0	0.996	0.996	0.984	0.985	0.988	0.998	0.988	1.0	0.979	0.984	0.998	0.995	1.0	1.0	0.995	0.993	1.0	0.987	1.0	0.998	0.99	0.996	0.991	0.999	0.998	0.999	0.965	1.0	1.0	1.0	0.833	0.987	0.999	0.998	0.996	0.995	0.998	0.998
E-PM-Aug-2014	0.999	0.908	0.999	0.995	1.0	0.944	0.999	1.0	0.993	0.967	0.961	1.0	0.902	0.997	0.871	0.944	0.991	0.0	0.929	0.932	0.897	0.998	0.998	0.96	0.634	0.779	0.808	0.974	0.976	0.998	0.933	0.843	0.999	0.998	1.0	0.999	0.901	0.807	1.0	0.719	0.998	0.984	0.9	0.977	0.93	0.978	0.906	1.0	0.653	0.998	0.897	1.0	0.992	0.894	1.0	0.952	0.979	0.961	0.893	0.972
E-SOG-1619	0.794	0.841	0.779	0.967	0.969	0.92	0.845	0.989	0.709	0.89	0.855	0.985	0.828	0.986	0.901	0.926	0.991	0.929	0.0	0.949	0.93	0.682	0.864	0.883	0.886	0.919	0.876	0.918	0.787	0.83	0.905	0.961	0.991	0.884	0.904	0.818	0.962	0.977	0.78	0.955	0.864	0.877	0.925	0.895	0.657	0.919	0.856	0.956	0.929	0.822	0.849	0.896	0.982	0.799	0.992	0.707	0.852	0.898	0.85	0.914
E-DU-Jul-2014	0.999	0.945	0.998	1.0	1.0	0.879	0.999	1.0	0.995	0.957	0.873	1.0	0.954	0.991	0.831	0.88	0.995	0.932	0.949	0.0	0.896	0.995	0.996	0.906	0.89	0.898	0.724	0.919	0.98	0.999	0.871	0.93	0.994	0.997	0.998	0.999	0.917	0.939	1.0	0.925	0.995	0.988	0.877	0.87	0.939	0.935	0.98	1.0	0.831	0.994	0.943	0.999	0.979	0.932	0.994	0.995	0.954	0.828	0.933	0.953
E-JP-2016	0.999	0.949	0.997	0.99	1.0	0.572	0.999	1.0	0.992	0.951	0.936	1.0	0.943	0.899	0.586	0.646	0.986	0.897	0.93	0.896	0.0	0.994	0.995	0.914	0.883	0.541	0.835	0.962	0.951	0.999	0.682	0.857	0.99	0.999	1.0	1.0	0.89	0.851	1.0	0.89	0.996	0.985	0.591	0.96	0.939	0.965	0.89	1.0	0.818	0.993	0.938	0.999	0.976	0.893	0.991	0.964	0.965	0.945	0.888	0.954
E-JT-623	0.674	0.988	0.719	0.941	0.956	0.992	0.781	0.981	0.57	0.957	0.954	0.976	0.978	0.996	0.996	0.99	1.0	0.998	0.682	0.995	0.994	0.0	0.813	0.978	0.993	0.992	0.993	0.977	0.868	0.78	0.981	0.997	0.988	0.795	0.872	0.705	0.998	0.997	0.694	0.998	0.848	0.89	0.994	0.974	0.833	0.974	0.984	0.939	0.998	0.669	0.992	0.853	0.999	0.979	0.985	0.737	0.927	0.979	0.978	0.973
E-LS-428	0.801	0.987	0.7	0.98	0.972	0.989	0.611	0.992	0.832	0.971	0.907	0.991	0.986	0.999	0.992	0.984	0.996	0.998	0.864	0.996	0.995	0.813	0.0	0.967	0.991	0.991	0.994	0.982	0.891	0.798	0.982	0.996	0.988	0.882	0.915	0.783	0.999	0.999	0.817	0.996	0.741	0.787	0.991	0.976	0.909	0.984	0.99	0.93	0.99	0.882	0.991	0.765	0.996	0.973	0.989	0.831	0.839	0.961	0.988	0.974
E-SOG-4527	0.98	0.903	0.983	0.992	1.0	0.828	0.978	1.0	0.976	0.859	0.794	1.0	0.868	0.99	0.881	0.776	0.996	0.96	0.883	0.906	0.914	0.978	0.967	0.0	0.907	0.892	0.916	0.863	0.783	0.992	0.762	0.962	1.0	0.996	0.992	0.981	0.954	0.971	0.989	0.947	0.973	0.958	0.871	0.811	0.85	0.889	0.873	1.0	0.858	0.984	0.906	0.988	0.972	0.62	0.999	0.894	0.905	0.802	0.882	0.878
E-WV-Aug-2014	0.999	0.751	0.998	1.0	0.999	0.887	0.999	0.999	0.983	0.888	0.898	1.0	0.728	0.99	0.818	0.889	0.984	0.634	0.886	0.89	0.883	0.993	0.991	0.907	0.0	0.805	0.637	0.924	0.934	0.999	0.871	0.811	0.993	0.998	0.999	1.0	0.927	0.891	1.0	0.743	0.995	0.982	0.864	0.902	0.843	0.923	0.753	1.0	0.655	0.992	0.638	0.997	0.964	0.78	0.995	0.938	0.932	0.894	0.805	0.918
E-WC-2016	0.995	0.926	0.994	0.991	0.999	0.689	0.999	1.0	0.99	0.925	0.894	0.999	0.887	0.953	0.564	0.622	0.985	0.779	0.919	0.898	0.541	0.992	0.991	0.892	0.805	0.0	0.84	0.926	0.936	0.997	0.703	0.847	0.998	0.996	0.997	0.997	0.857	0.731	0.998	0.878	0.992	0.979	0.567	0.898	0.911	0.897	0.848	1.0	0.808	0.992	0.912	0.998	0.969	0.867	0.997	0.96	0.928	0.872	0.857	0.906
E-PM-Jul-2014	0.999	0.848	0.998	0.993	1.0	0.827	0.999	1.0	0.99	0.942	0.908	1.0	0.857	0.975	0.781	0.862	0.988	0.808	0.876	0.724	0.835	0.993	0.994	0.916	0.637	0.84	0.0	0.933	0.962	0.999	0.862	0.899	0.994	0.997	1.0	1.0	0.852	0.899	1.0	0.887	0.991	0.98	0.834	0.919	0.883	0.948	0.819	1.0	0.842	0.996	0.752	1.0	0.961	0.852	0.998	0.945	0.943	0.872	0.788	0.95
E-SOG-7424	0.977	0.882	0.992	0.999	1.0	0.939	0.989	1.0	0.981	0.823	0.604	1.0	0.874	0.997	0.938	0.91	0.998	0.974	0.918	0.919	0.962	0.977	0.982	0.863	0.924	0.926	0.933	0.0	0.958	0.974	0.914	0.956	0.998	0.999	0.987	0.987	0.95	0.975	0.987	0.966	0.973	0.902	0.956	0.555	0.839	0.594	0.886	1.0	0.924	0.961	0.91	0.976	0.984	0.856	0.998	0.979	0.782	0.703	0.875	0.566
E-SOG-2527	0.827	0.929	0.853	0.979	0.989	0.912	0.897	0.997	0.871	0.897	0.9	0.994	0.912	0.987	0.938	0.883	0.988	0.976	0.787	0.98	0.951	0.868	0.891	0.783	0.934	0.936	0.962	0.958	0.0	0.918	0.867	0.981	0.994	0.945	0.956	0.846	0.972	0.984	0.841	0.977	0.891	0.902	0.942	0.928	0.783	0.943	0.903	0.976	0.944	0.93	0.934	0.93	0.975	0.745	0.994	0.719	0.889	0.926	0.938	0.936
E-LS-623	0.837	0.992	0.668	0.973	0.958	0.999	0.759	0.984	0.774	0.978	0.957	0.975	0.987	0.999	0.998	0.999	1.0	0.998	0.83	0.999	0.999	0.78	0.798	0.992	0.999	0.997	0.999	0.974	0.918	0.0	0.991	0.998	0.992	0.882	0.781	0.83	0.997	0.999	0.828	1.0	0.894	0.913	0.998	0.985	0.899	0.978	0.994	0.945	0.997	0.828	0.997	0.896	1.0	0.986	0.992	0.848	0.934	0.981	0.992	0.977
E-TB-2016	0.993	0.935	0.991	0.991	1.0	0.584	0.995	1.0	0.986	0.899	0.85	1.0	0.922	0.959	0.665	0.503	0.979	0.933	0.905	0.871	0.682	0.981	0.982	0.762	0.871	0.703	0.862	0.914	0.867	0.991	0.0	0.912	0.998	0.995	0.997	0.992	0.836	0.883	0.992	0.919	0.986	0.967	0.696	0.886	0.878	0.92	0.912	1.0	0.835	0.987	0.932	0.993	0.957	0.764	0.998	0.945	0.918	0.869	0.905	0.905
E-PM-Jula-2014	0.997	0.963	0.999	0.997	1.0	0.846	0.999	1.0	0.996	0.961	0.954	1.0	0.96	0.986	0.88	0.924	0.984	0.843	0.961	0.93	0.857	0.997	0.996	0.962	0.811	0.847	0.899	0.956	0.981	0.998	0.912	0.0	0.99	0.998	0.999	0.999	0.924	0.901	1.0	0.334	0.994	0.982	0.887	0.954	0.967	0.968	0.983	1.0	0.728	0.995	0.965	0.999	0.979	0.944	0.991	0.994	0.958	0.946	0.965	0.964
E-Tca-7-2014	0.99	0.999	0.976	0.994	0.766	0.99	0.993	0.679	0.987	0.997	0.999	0.65	1.0	0.998	0.999	0.997	0.998	0.999	0.991	0.994	0.99	0.988	0.988	1.0	0.993	0.998	0.994	0.998	0.994	0.992	0.998	0.99	0.0	0.989	0.995	0.989	0.995	0.996	0.984	0.99	0.996	0.988	1.0	0.998	0.996	0.998	1.0	0.945	0.989	0.989	0.999	0.993	0.998	0.996	0.277	0.993	0.995	0.999	1.0	1.0
E-FR-7-2014	0.86	0.998	0.836	0.962	0.941	0.999	0.876	0.978	0.816	0.985	0.966	0.974	0.999	0.996	0.998	0.999	0.995	0.998	0.884	0.997	0.999	0.795	0.882	0.996	0.998	0.996	0.997	0.999	0.945	0.882	0.995	0.998	0.989	0.0	0.931	0.88	0.998	0.999	0.852	0.999	0.861	0.885	0.997	0.998	0.955	0.998	0.998	0.933	0.998	0.877	0.998	0.787	0.998	0.998	0.988	0.871	0.9	0.994	0.997	0.995
E-DS-623	0.916	0.997	0.871	0.987	0.974	1.0	0.888	0.989	0.862	0.984	0.977	0.989	0.994	0.999	0.999	1.0	1.0	1.0	0.904	0.998	1.0	0.872	0.915	0.992	0.999	0.997	1.0	0.987	0.956	0.781	0.997	0.999	0.995	0.931	0.0	0.912	0.998	0.999	0.898	0.999	0.95	0.953	1.0	0.988	0.944	0.988	0.995	0.954	0.998	0.904	0.996	0.933	1.0	0.992	0.996	0.923	0.97	0.981	0.996	0.991
E-WP-526	0.551	0.997	0.691	0.934	0.961	0.999	0.795	0.982	0.703	0.969	0.957	0.985	0.99	0.998	0.999	1.0	1.0	0.999	0.818	0.999	1.0	0.705	0.783	0.981	1.0	0.997	1.0	0.987	0.846	0.83	0.992	0.999	0.989	0.88	0.912	0.0	0.999	0.998	0.571	1.0	0.82	0.866	0.998	0.983	0.904	0.989	0.99	0.951	0.999	0.72	0.997	0.766	0.999	0.99	0.991	0.643	0.916	0.982	0.992	0.981
E-PM-2016	0.999	0.959	0.997	0.99	1.0	0.897	0.999	1.0	0.989	0.953	0.933	1.0	0.946	0.983	0.874	0.79	0.995	0.901	0.962	0.917	0.89	0.998	0.999	0.954	0.927	0.857	0.852	0.95	0.972	0.997	0.836	0.924	0.995	0.998	0.998	0.999	0.0	0.633	1.0	0.938	0.997	0.988	0.886	0.924	0.953	0.923	0.93	1.0	0.93	0.991	0.963	0.999	0.991	0.932	0.998	0.983	0.951	0.916	0.907	0.932
E-BA-2016	0.998	0.968	0.999	0.994	1.0	0.901	1.0	1.0	0.994	0.957	0.959	1.0	0.938	0.978	0.856	0.802	0.993	0.807	0.977	0.939	0.851	0.997	0.999	0.971	0.891	0.731	0.899	0.975	0.984	0.999	0.883	0.901	0.996	0.999	0.999	0.998	0.633	0.0	1.0	0.943	0.997	0.992	0.87	0.937	0.969	0.92	0.892	1.0	0.905	0.997	0.97	0.999	0.988	0.956	0.996	0.983	0.964	0.922	0.875	0.951
E-MT-526	0.559	0.992	0.668	0.928	0.96	1.0	0.786	0.981	0.673	0.967	0.957	0.981	0.981	0.997	0.999	1.0	1.0	1.0	0.78	1.0	1.0	0.694	0.817	0.989	1.0	0.998	1.0	0.987	0.841	0.828	0.992	1.0	0.984	0.852	0.898	0.571	1.0	1.0	0.0	1.0	0.817	0.866	0.997	0.984	0.886	0.981	0.993	0.946	1.0	0.714	0.997	0.788	0.999	0.987	0.987	0.634	0.918	0.975	0.991	0.982
E-WV-Jula-2014	1.0	0.96	0.997	0.998	1.0	0.855	0.999	1.0	0.991	0.957	0.957	1.0	0.956	0.996	0.885	0.927	0.987	0.719	0.955	0.925	0.89	0.998	0.996	0.947	0.743	0.878	0.887	0.966	0.977	1.0	0.919	0.334	0.99	0.999	0.999	1.0	0.938	0.943	1.0	0.0	0.999	0.986	0.897	0.967	0.951	0.976	0.973	1.0	0.566	0.997	0.952	0.999	0.976	0.933	0.991	0.985	0.973	0.959	0.959	0.972
E-WP-428	0.816	0.986	0.828	0.982	0.983	0.992	0.762	0.999	0.845	0.963	0.877	0.993	0.98	0.999	0.996	0.99	1.0	0.998	0.864	0.995	0.996	0.848	0.741	0.973	0.995	0.992	0.991	0.973	0.891	0.894	0.986	0.994	0.996	0.861	0.95	0.82	0.997	0.997	0.817	0.999	0.0	0.597	0.993	0.969	0.892	0.979	0.982	0.976	0.996	0.897	0.99	0.649	0.998	0.979	0.995	0.845	0.701	0.963	0.985	0.955
E-JT-428	0.853	0.968	0.879	0.981	0.984	0.971	0.804	0.996	0.896	0.927	0.821	0.994	0.957	0.996	0.983	0.978	0.998	0.984	0.877	0.988	0.985	0.89	0.787	0.958	0.982	0.979	0.98	0.902	0.902	0.913	0.967	0.982	0.988	0.885	0.953	0.866	0.988	0.992	0.866	0.986	0.597	0.0	0.982	0.925	0.862	0.933	0.964	0.975	0.98	0.927	0.967	0.612	0.992	0.955	0.99	0.882	0.593	0.922	0.958	0.915
E-DU-2016	0.999	0.943	0.998	0.992	1.0	0.666	0.998	0.999	0.992	0.943	0.894	1.0	0.913	0.967	0.52	0.622	0.99	0.9	0.925	0.877	0.591	0.994	0.991	0.871	0.864	0.567	0.834	0.956	0.942	0.998	0.696	0.887	1.0	0.997	1.0	0.998	0.886	0.87	0.997	0.897	0.993	0.982	0.0	0.93	0.924	0.939	0.872	1.0	0.794	0.991	0.932	0.998	0.976	0.869	0.999	0.966	0.94	0.897	0.873	0.934
E-SOG-1424	0.977	0.857	0.984	0.998	1.0	0.909	0.986	1.0	0.972	0.824	0.557	1.0	0.824	0.994	0.925	0.846	0.996	0.977	0.895	0.87	0.96	0.974	0.976	0.811	0.902	0.898	0.919	0.555	0.928	0.985	0.886	0.954	0.998	0.998	0.988	0.983	0.924	0.937	0.984	0.967	0.969	0.925	0.93	0.0	0.816	0.556	0.788	1.0	0.905	0.974	0.882	0.974	0.98	0.796	0.999	0.96	0.742	0.558	0.845	0.557
E-SOG-2619	0.878	0.72	0.888	0.983	0.983	0.878	0.902	0.99	0.831	0.812	0.816	0.989	0.731	0.988	0.887	0.9	0.991	0.93	0.657	0.939	0.939	0.833	0.909	0.85	0.843	0.911	0.883	0.839	0.783	0.899	0.878	0.967	0.996	0.955	0.944	0.904	0.953	0.969	0.886	0.951	0.892	0.862	0.924	0.816	0.0	0.865	0.792	0.987	0.905	0.899	0.765	0.929	0.974	0.746	0.993	0.802	0.832	0.85	0.818	0.84
E-SOG-6424	0.978	0.878	0.991	0.996	0.999	0.945	0.985	0.999	0.975	0.844	0.669	1.0	0.834	0.988	0.945	0.864	0.999	0.978	0.919	0.935	0.965	0.974	0.984	0.889	0.923	0.897	0.948	0.594	0.943	0.978	0.92	0.968	0.998	0.998	0.988	0.989	0.923	0.92	0.981	0.976	0.979	0.933	0.939	0.556	0.865	0.0	0.785	1.0	0.947	0.969	0.904	0.984	0.989	0.86	0.999	0.966	0.781	0.663	0.821	0.52
E-SOG-5527	0.99	0.667	0.99	0.993	1.0	0.914	0.995	1.0	0.968	0.757	0.865	1.0	0.599	0.99	0.871	0.827	0.998	0.906	0.856	0.98	0.89	0.984	0.99	0.873	0.753	0.848	0.819	0.886	0.903	0.994	0.912	0.983	1.0	0.998	0.995	0.99	0.93	0.892	0.993	0.973	0.982	0.964	0.872	0.788	0.792	0.785	0.0	1.0	0.956	0.985	0.593	0.987	0.995	0.693	0.999	0.877	0.874	0.796	0.487	0.801
E-BL-2016	0.958	1.0	0.933	0.985	0.943	0.999	0.902	0.968	0.945	0.995	0.999	0.962	1.0	0.998	1.0	1.0	0.999	1.0	0.956	1.0	1.0	0.939	0.93	1.0	1.0	1.0	1.0	1.0	0.976	0.945	1.0	1.0	0.945	0.933	0.954	0.951	1.0	1.0	0.946	1.0	0.976	0.975	1.0	1.0	0.987	1.0	1.0	0.0	1.0	0.957	1.0	0.974	0.999	1.0	0.937	0.956	0.995	0.999	1.0	1.0
E-DU-Jula-2014	1.0	0.942	0.994	0.999	0.999	0.805	0.999	0.999	0.991	0.94	0.874	1.0	0.931	0.978	0.796	0.839	0.965	0.653	0.929	0.831	0.818	0.998	0.99	0.858	0.655	0.808	0.842	0.924	0.944	0.997	0.835	0.728	0.989	0.998	0.998	0.999	0.93	0.905	1.0	0.566	0.996	0.98	0.794	0.905	0.905	0.947	0.956	1.0	0.0	0.995	0.938	0.998	0.937	0.872	0.991	0.98	0.947	0.864	0.94	0.945
E-MT-623	0.691	0.99	0.797	0.944	0.969	0.991	0.877	0.988	0.667	0.964	0.959	0.981	0.978	0.997	0.993	0.99	1.0	0.998	0.822	0.994	0.993	0.669	0.882	0.984	0.992	0.992	0.996	0.961	0.93	0.828	0.987	0.995	0.989	0.877	0.904	0.72	0.991	0.997	0.714	0.997	0.897	0.927	0.991	0.974	0.899	0.969	0.985	0.957	0.995	0.0	0.994	0.834	0.999	0.979	0.989	0.789	0.947	0.973	0.983	0.975
E-SOG-3619	0.995	0.391	0.998	1.0	0.999	0.945	0.997	1.0	0.969	0.856	0.908	1.0	0.447	0.998	0.902	0.935	1.0	0.897	0.849	0.943	0.938	0.992	0.991	0.906	0.638	0.912	0.752	0.91	0.934	0.997	0.932	0.965	0.999	0.998	0.996	0.997	0.963	0.97	0.997	0.952	0.99	0.967	0.932	0.882	0.765	0.904	0.593	1.0	0.938	0.994	0.0	0.993	0.985	0.738	1.0	0.899	0.914	0.932	0.701	0.9
E-MT-428	0.774	0.992	0.814	0.969	0.983	0.997	0.786	0.994	0.831	0.974	0.876	0.986	0.988	0.998	0.999	0.997	1.0	1.0	0.896	0.999	0.999	0.853	0.765	0.988	0.997	0.998	1.0	0.976	0.93	0.896	0.993	0.999	0.993	0.787	0.933	0.766	0.999	0.999	0.788	0.999	0.649	0.612	0.998	0.974	0.929	0.984	0.987	0.974	0.998	0.834	0.993	0.0	1.0	0.988	0.995	0.825	0.647	0.968	0.988	0.964
E-TC-2014	1.0	0.982	0.997	0.999	0.999	0.958	1.0	0.999	1.0	0.982	0.981	0.999	0.984	0.87	0.973	0.96	0.833	0.992	0.982	0.979	0.976	0.999	0.996	0.972	0.964	0.969	0.961	0.984	0.975	1.0	0.957	0.979	0.998	0.998	1.0	0.999	0.991	0.988	0.999	0.976	0.998	0.992	0.976	0.98	0.974	0.989	0.995	0.999	0.937	0.999	0.985	1.0	0.0	0.967	0.998	0.998	0.986	0.983	0.989	0.987
E-SOG-1527	0.986	0.734	0.986	0.993	1.0	0.822	0.985	1.0	0.969	0.792	0.81	0.999	0.704	0.979	0.847	0.775	0.987	0.894	0.799	0.932	0.893	0.979	0.973	0.62	0.78	0.867	0.852	0.856	0.745	0.986	0.764	0.944	0.996	0.998	0.992	0.99	0.932	0.956	0.987	0.933	0.979	0.955	0.869	0.796	0.746	0.86	0.693	1.0	0.872	0.979	0.738	0.988	0.967	0.0	0.998	0.844	0.859	0.84	0.801	0.831
E-T7-2014	0.992	1.0	0.978	0.991	0.766	0.99	0.993	0.652	0.986	0.996	1.0	0.655	1.0	0.998	0.998	0.999	0.999	1.0	0.992	0.994	0.991	0.985	0.989	0.999	0.995	0.997	0.998	0.998	0.994	0.992	0.998	0.991	0.277	0.988	0.996	0.991	0.998	0.996	0.987	0.991	0.995	0.99	0.999	0.999	0.993	0.999	0.999	0.937	0.991	0.989	1.0	0.995	0.998	0.998	0.0	0.994	0.997	1.0	1.0	1.0
E-SOG-3527	0.638	0.905	0.705	0.945	0.966	0.967	0.804	0.994	0.714	0.902	0.936	0.986	0.9	0.996	0.952	0.957	0.998	0.952	0.707	0.995	0.964	0.737	0.831	0.894	0.938	0.96	0.945	0.979	0.719	0.848	0.945	0.994	0.993	0.871	0.923	0.643	0.983	0.983	0.634	0.985	0.845	0.882	0.966	0.96	0.802	0.966	0.877	0.956	0.98	0.789	0.899	0.825	0.998	0.844	0.994	0.0	0.911	0.972	0.905	0.956
E-SOG-3424	0.903	0.904	0.921	0.991	0.995	0.933	0.873	0.996	0.913	0.859	0.668	0.998	0.867	0.995	0.949	0.905	0.996	0.979	0.852	0.954	0.965	0.927	0.839	0.905	0.932	0.928	0.943	0.782	0.889	0.934	0.918	0.958	0.995	0.9	0.97	0.916	0.951	0.964	0.918	0.973	0.701	0.593	0.94	0.742	0.832	0.781	0.874	0.995	0.947	0.947	0.914	0.647	0.986	0.859	0.997	0.911	0.0	0.784	0.885	0.746
E-SOG-2424	0.971	0.919	0.983	0.996	1.0	0.885	0.973	0.999	0.98	0.898	0.527	1.0	0.884	0.997	0.879	0.796	0.995	0.961	0.898	0.828	0.945	0.979	0.961	0.802	0.894	0.872	0.872	0.703	0.926	0.981	0.869	0.946	0.999	0.994	0.981	0.982	0.916	0.922	0.975	0.959	0.963	0.922	0.897	0.558	0.85	0.663	0.796	0.999	0.864	0.973	0.932	0.968	0.983	0.84	1.0	0.972	0.784	0.0	0.836	0.71
E-SOG-6619	0.986	0.749	0.993	0.999	1.0	0.925	0.997	1.0	0.979	0.818	0.871	1.0	0.625	0.989	0.872	0.849	0.998	0.893	0.85	0.933	0.888	0.978	0.988	0.882	0.805	0.857	0.788	0.875	0.938	0.992	0.905	0.965	1.0	0.997	0.996	0.992	0.907	0.875	0.991	0.959	0.985	0.958	0.873	0.845	0.818	0.821	0.487	1.0	0.94	0.983	0.701	0.988	0.989	0.801	1.0	0.905	0.885	0.836	0.0	0.83
E-SOG-5424	0.975	0.881	0.981	0.999	1.0	0.935	0.986	1.0	0.972	0.803	0.626	1.0	0.817	0.991	0.948	0.872	0.998	0.972	0.914	0.953	0.954	0.973	0.974	0.878	0.918	0.906	0.95	0.566	0.936	0.977	0.905	0.964	1.0	0.995	0.991	0.981	0.932	0.951	0.982	0.972	0.955	0.915	0.934	0.557	0.84	0.52	0.801	1.0	0.945	0.975	0.9	0.964	0.987	0.831	1.0	0.956	0.746	0.71	0.83	0.0