	E-JT-526	E-SOG-4619	E-LS-526	E-CR-2016	E-TL-2016	E-VP-2016	E-DS-428	E-TL-Aug-2014	E-WP-623	E-SOG-6527	E-SOG-4424	E-TL-Jul-2014	E-SOG-5619	E-CB-2016	E-LH-2016	E-BP-2016	E-TI-2014	E-PM-Aug-2014	E-SOG-1619	E-DU-Jul-2014	E-JP-2016	E-JT-623	E-LS-428	E-SOG-4527	E-WV-Aug-2014	E-WC-2016	E-PM-Jul-2014	E-SOG-7424	E-SOG-2527	E-LS-623	E-TB-2016	E-PM-Jula-2014	E-Tca-7-2014	E-FR-7-2014	E-DS-623	E-WP-526	E-PM-2016	E-BA-2016	E-MT-526	E-WV-Jula-2014	E-WP-428	E-JT-428	E-DU-2016	E-SOG-1424	E-SOG-2619	E-SOG-6424	E-SOG-5527	E-BL-2016	E-DU-Jula-2014	E-MT-623	E-SOG-3619	E-MT-428	E-TC-2014	E-SOG-1527	E-T7-2014	E-SOG-3527	E-SOG-3424	E-SOG-2424	E-SOG-6619	E-SOG-5424
E-JT-526	0.0	0.770511144137	0.556200177232	0.713451919927	0.75289713941	0.793434255552	0.581391542649	0.7703574468	0.539952169038	0.735241907615	0.743998477764	0.791031350909	0.778946029142	0.836254485695	0.80935121884	0.814037904374	0.85208383251	0.807571150479	0.606872297536	0.808554037177	0.804620360677	0.553409335294	0.538503502692	0.770559778169	0.79660457271	0.795670276567	0.793296520097	0.788470494099	0.648862115362	0.592525337408	0.779070694702	0.806669707373	0.778327048665	0.616737237763	0.648407541661	0.444619530654	0.809097591609	0.82218879433	0.45679878839	0.81815652128	0.549582585692	0.565610006278	0.790299407154	0.754966216991	0.673962493785	0.771068214999	0.806303997043	0.764356747442	0.807065734445	0.547374519177	0.786739563278	0.551559843459	0.827937634215	0.773472613201	0.7718882754	0.525737621899	0.657258391785	0.742895397679	0.784032052275	0.758974306738
E-SOG-4619	0.770511144137	0.0	0.80321984774	0.768548017701	0.793442163545	0.607435059415	0.770089684375	0.796993068937	0.765944169888	0.611491741576	0.613639282672	0.811043064081	0.452714742971	0.772823409448	0.641360026932	0.655729557086	0.816428567534	0.697625013214	0.648234252688	0.613538381335	0.692363548824	0.765723280396	0.736525384841	0.580827776367	0.559786013225	0.627005740622	0.621224849145	0.593742459268	0.705898267411	0.747206233963	0.628810751704	0.647002850822	0.796749138544	0.766027627642	0.733266760748	0.792557083398	0.600269421444	0.693086136624	0.781190117506	0.611271783698	0.705507633347	0.735328273892	0.61049108004	0.584030554436	0.603608120106	0.585565605632	0.566833634212	0.787806715183	0.627809138934	0.737676807868	0.434815873937	0.745080381402	0.744318148847	0.600930506197	0.79742104632	0.748554216057	0.645400677042	0.597900541039	0.582707861686	0.598262434504
E-LS-526	0.556200177232	0.80321984774	0.0	0.735482970742	0.770921983141	0.812047037202	0.577083052578	0.780533902711	0.613576011717	0.77769381779	0.776290175382	0.767916734394	0.815788855127	0.853350963064	0.821960686137	0.830572816377	0.866104166679	0.824820834402	0.658796036735	0.831359494516	0.818818558927	0.634052813229	0.557693562309	0.794956639209	0.816783945583	0.81696832017	0.815531462872	0.825053831113	0.677970161744	0.553005984403	0.801245681008	0.837478796466	0.777560851457	0.662107693639	0.641490524436	0.515777011617	0.840911242637	0.835544658755	0.549990963728	0.832528167981	0.624056476539	0.670390801217	0.80462418303	0.796798550748	0.720213301742	0.811142683265	0.820959242215	0.774250518603	0.812724115998	0.603968625091	0.825784159782	0.636264332164	0.84616819809	0.809885249138	0.764454700571	0.61422135028	0.724854550703	0.779936115378	0.820186636182	0.799479469025
E-CR-2016	0.713451919927	0.768548017701	0.735482970742	0.0	0.704174547241	0.750199550648	0.722296845753	0.730122722549	0.714136532607	0.77298773536	0.778169194394	0.747048922339	0.782343583111	0.791289669384	0.755567395763	0.764555015192	0.835491016801	0.778525657923	0.716175154195	0.776671720887	0.766112475835	0.732841077585	0.723098515299	0.787543270013	0.766944663089	0.748712632108	0.747762759288	0.800825890824	0.729668705916	0.747179974115	0.762605628091	0.801825853166	0.709115634221	0.712020940274	0.737848768461	0.716241296725	0.740655021578	0.785623349363	0.704229485979	0.759472567738	0.731978708866	0.731463698524	0.747622670823	0.773626827467	0.756265438068	0.777449490107	0.787480736348	0.744727443457	0.771722235987	0.709165310087	0.765320645388	0.714398883189	0.815386914516	0.776575398229	0.71153269814	0.708527243848	0.738162936567	0.750927673603	0.807541426659	0.787753492967
E-TL-2016	0.75289713941	0.793442163545	0.770921983141	0.704174547241	0.0	0.79278333412	0.742457300853	0.470887515999	0.742313283015	0.806210860602	0.807309836717	0.504291106836	0.81979758699	0.793615812947	0.79517524695	0.810755096914	0.810408678693	0.747973699345	0.781417571467	0.788027558754	0.782792464805	0.760916714028	0.736049936354	0.812713996251	0.773837978802	0.779758627239	0.797197416377	0.821168206253	0.770644849047	0.736323652211	0.79917779643	0.770390298671	0.461934776334	0.689713689946	0.692834572785	0.750685457099	0.795977564586	0.772651839679	0.755568370624	0.781218054861	0.757884614977	0.753977311044	0.767398621948	0.807914499413	0.79794867799	0.81229979924	0.823991993887	0.597879557571	0.776061085235	0.747204237027	0.790727183002	0.73535664481	0.780457832615	0.80895318508	0.433063526409	0.781163924418	0.788185621508	0.782898454621	0.810567618876	0.823226292685
E-VP-2016	0.793434255552	0.607435059415	0.812047037202	0.750199550648	0.79278333412	0.0	0.790311636769	0.813355898886	0.794914824205	0.643661806426	0.659363640125	0.813366356623	0.631343801016	0.732974843771	0.34765947152	0.345949452205	0.78638793264	0.669925981522	0.679139576652	0.517936962141	0.397458377385	0.780860469907	0.768329254395	0.556705589424	0.575802600425	0.330929609544	0.514473625152	0.663920803584	0.699392095169	0.767834119684	0.410496205369	0.559252658615	0.810923253295	0.792708011175	0.764084382006	0.803852260989	0.462808430796	0.564451149895	0.808878063764	0.61131255993	0.737866213529	0.750819876581	0.323893905305	0.622082735106	0.692955826024	0.659743762952	0.633294677286	0.81601069633	0.554792626609	0.779319421407	0.644978277183	0.771762036933	0.709670901506	0.571640274663	0.804848449873	0.743832527179	0.668968660422	0.606453771577	0.661666617644	0.659808721034
E-DS-428	0.581391542649	0.770089684375	0.577083052578	0.722296845753	0.742457300853	0.790311636769	0.0	0.763055650421	0.633611679545	0.75185751666	0.735198657256	0.768421189864	0.788762324059	0.836577911384	0.799010204314	0.806079344948	0.845657168991	0.797027254313	0.68507572437	0.794571069021	0.793031698381	0.638251111481	0.459458616196	0.759164182466	0.788128910397	0.795836973805	0.780217569194	0.793954717268	0.68847809501	0.55057073204	0.772358064369	0.801628937699	0.763174708328	0.659717918894	0.612307801166	0.58875067513	0.813530635524	0.819556583068	0.594020944681	0.808720112396	0.540506253246	0.620555709305	0.77597978283	0.763481745785	0.711052554936	0.789699247201	0.813132446051	0.729595282784	0.79164462694	0.627702835751	0.796895594699	0.496506828743	0.816506294622	0.774498023974	0.752261355958	0.601638793712	0.681940436002	0.7412830323	0.805320177872	0.779251069587
E-TL-Aug-2014	0.7703574468	0.796993068937	0.780533902711	0.730122722549	0.470887515999	0.813355898886	0.763055650421	0.0	0.755936742382	0.818132212129	0.832873767033	0.50031317429	0.830101875829	0.783974462857	0.808226506335	0.82993968644	0.809644232774	0.762642537324	0.795333956081	0.799688461473	0.800134228938	0.777489506028	0.762264964553	0.830217327031	0.797452135868	0.798024463998	0.803197560064	0.828295505093	0.804579606955	0.741651319897	0.811911591661	0.787862847099	0.466798900137	0.715044100827	0.69796278631	0.763589022102	0.809068905253	0.782070427065	0.774409052228	0.793247854146	0.777318348066	0.773217752826	0.793775296535	0.825740362117	0.814262766142	0.820416075271	0.820579008237	0.594086510569	0.78144114402	0.76653419611	0.802063981673	0.750252545612	0.784036399952	0.821619734649	0.478155125363	0.794666454523	0.798811512456	0.808209650723	0.817495775015	0.84374698475
E-WP-623	0.539952169038	0.765944169888	0.613576011717	0.714136532607	0.742313283015	0.794914824205	0.633611679545	0.755936742382	0.0	0.753656420384	0.746239956532	0.756103986279	0.77896982788	0.845862758876	0.817976441636	0.811835390337	0.868900914848	0.811620449051	0.571387663738	0.812865380278	0.810244148244	0.508868783396	0.634780136353	0.790430992692	0.77846320363	0.808498866574	0.800787238437	0.795274421393	0.678214536016	0.561880717368	0.784747714573	0.815626742205	0.762307483523	0.59401831513	0.613101287606	0.53793177636	0.811191640608	0.834286142903	0.499711376845	0.812464137217	0.617308750865	0.639412058318	0.78830054052	0.754467259463	0.650668096499	0.772558094039	0.810907107154	0.768295455012	0.806146577241	0.527301761399	0.786813810043	0.599002109436	0.842039637342	0.788697027831	0.754601742327	0.584645783326	0.679000230864	0.750147435467	0.786621769033	0.77387930479
E-SOG-6527	0.735241907615	0.611491741576	0.77769381779	0.77298773536	0.806210860602	0.643661806426	0.75185751666	0.818132212129	0.753656420384	0.0	0.580083541704	0.825794622204	0.580453657918	0.762705619385	0.65161658861	0.633880787004	0.826912846795	0.745557778693	0.635783135259	0.695675724724	0.704617703722	0.732165998615	0.70791820359	0.598742941242	0.637159425839	0.633948922744	0.678209306496	0.565809132566	0.642532834602	0.728364942435	0.638351304034	0.713594786686	0.8279398275	0.764497975309	0.738943471467	0.761360851109	0.660802372548	0.730723531631	0.743061226818	0.691384874475	0.687542848898	0.696238858234	0.653953831142	0.561289505714	0.64298020349	0.590792443425	0.563870222962	0.825841606808	0.670813403557	0.714988201315	0.65283095255	0.740729827026	0.771409053862	0.6033115965	0.828932437923	0.673763777432	0.606705875091	0.586201873326	0.58016836311	0.543881187397
E-SOG-4424	0.743998477764	0.613639282672	0.776290175382	0.778169194394	0.807309836717	0.659363640125	0.735198657256	0.832873767033	0.746239956532	0.580083541704	0.0	0.83892225077	0.615395330256	0.797696238124	0.699789992318	0.671921675668	0.841496363055	0.742044525379	0.632923828259	0.69015077917	0.746499800109	0.73294218029	0.710488434855	0.620927577343	0.628008763394	0.683447819924	0.657115695837	0.497377035818	0.662008625539	0.725390708398	0.647647597379	0.709345364843	0.838201498742	0.780555635559	0.730465968116	0.75161219586	0.664136654743	0.747235431311	0.762868337462	0.692083040991	0.62971290305	0.619901038262	0.658011368311	0.479862251657	0.579187052301	0.512007897299	0.683210885372	0.827939532507	0.651999886996	0.711907998994	0.663284279811	0.691278373388	0.79095393344	0.624275940804	0.826469788219	0.725089620556	0.52042824867	0.468773249314	0.627928497655	0.452046689064
E-TL-Jul-2014	0.791031350909	0.811043064081	0.767916734394	0.747048922339	0.504291106836	0.813366356623	0.768421189864	0.50031317429	0.756103986279	0.825794622204	0.83892225077	0.0	0.837600983348	0.81626507247	0.820039104032	0.833843902153	0.827309504781	0.776535333073	0.815372545564	0.81143738682	0.806735866462	0.780841872359	0.777475736145	0.830776132029	0.81265077989	0.807812178502	0.802483519038	0.836494301003	0.806525931825	0.770003314182	0.828437694367	0.803343119745	0.535773096551	0.717219651484	0.736839943948	0.775345442108	0.822540947844	0.805449755993	0.777210324691	0.80841518977	0.793648284762	0.791687737579	0.799712074748	0.827953486274	0.821054750288	0.843533383666	0.828970489768	0.639404463638	0.803209732574	0.754219621842	0.813480670456	0.765173211573	0.804505425529	0.822801646708	0.533022088278	0.798337685514	0.819670010625	0.827568442029	0.832189460868	0.85111933577
E-SOG-5619	0.778946029142	0.452714742971	0.815788855127	0.782343583111	0.81979758699	0.631343801016	0.788762324059	0.830101875829	0.77896982788	0.580453657918	0.615395330256	0.837600983348	0.0	0.762253315833	0.645916731744	0.621826892412	0.830850054323	0.75233873934	0.651931585133	0.652343693698	0.671236552163	0.771363802336	0.764828177252	0.576059179422	0.586601289308	0.643224087521	0.620575119128	0.601962543289	0.724929918383	0.750589741319	0.638200111105	0.667768183281	0.842742565091	0.801755357717	0.751297325669	0.804453468644	0.621034135358	0.707087162825	0.798634912773	0.652862517694	0.727388267905	0.720914580083	0.627561176011	0.592784183222	0.61473121602	0.581582941772	0.555146608084	0.829639331265	0.664213274641	0.745243113834	0.479937900829	0.765416187571	0.755114165983	0.624410682198	0.840450013817	0.754804168234	0.662992034423	0.590342187731	0.48712018223	0.578340761258
E-CB-2016	0.836254485695	0.772823409448	0.853350963064	0.791289669384	0.793615812947	0.732974843771	0.836577911384	0.783974462857	0.845862758876	0.762705619385	0.797696238124	0.81626507247	0.762253315833	0.0	0.735709282798	0.711431829313	0.607066141228	0.765116855243	0.814862530266	0.737048080667	0.712940440559	0.834460920542	0.83080208331	0.784187294071	0.748313656105	0.724930431077	0.697204726261	0.796764133687	0.809827608901	0.829541208477	0.741433937683	0.692920669973	0.80040353437	0.822028761559	0.805394317654	0.848487846893	0.697676196196	0.720873421883	0.836732837304	0.726375804143	0.833358273238	0.799753358517	0.723680220185	0.784452211231	0.82687156401	0.782367344396	0.77506208906	0.787904055347	0.725397354504	0.825037959949	0.767679127081	0.818281671824	0.585265975492	0.768321569296	0.791557928268	0.821729306656	0.816780516931	0.771383990661	0.748169607724	0.794584005138
E-LH-2016	0.80935121884	0.641360026932	0.821960686137	0.755567395763	0.79517524695	0.34765947152	0.799010204314	0.808226506335	0.817976441636	0.65161658861	0.699789992318	0.820039104032	0.645916731744	0.735709282798	0.0	0.380666705352	0.76828246827	0.634643875206	0.713263747411	0.48706263487	0.38749083151	0.799851276046	0.786593215576	0.598227881822	0.572303609128	0.319738755066	0.511979668015	0.688273630856	0.744569192473	0.781539314719	0.408891388921	0.556104936958	0.813861511283	0.796325537268	0.772857449525	0.819528510313	0.480098366856	0.52386714256	0.828393147855	0.580150369271	0.771580878372	0.78548952168	0.347658355726	0.665597505819	0.73034785025	0.687472044035	0.643627726367	0.802003751638	0.553754486282	0.79351852575	0.63065782666	0.785675916983	0.704925411604	0.605079659794	0.815497433	0.768454533783	0.707743968887	0.612566053505	0.660447602672	0.697716916122
E-BP-2016	0.814037904374	0.655729557086	0.830572816377	0.764555015192	0.810755096914	0.345949452205	0.806079344948	0.82993968644	0.811835390337	0.633880787004	0.671921675668	0.833843902153	0.621826892412	0.711431829313	0.380666705352	0.0	0.790241660815	0.680856992044	0.698315085318	0.542139853286	0.390006983475	0.801532379231	0.789241336134	0.581366679046	0.584695673113	0.353499261884	0.538930202284	0.67237633506	0.711411262166	0.795808832688	0.40564076887	0.616978350989	0.829935728555	0.812791990065	0.783319414125	0.823099293827	0.481896995777	0.596341351549	0.825420039457	0.61063485884	0.762706751722	0.762047636096	0.377447498983	0.638990822365	0.698490622951	0.673565607739	0.608782615415	0.835842435283	0.575208514361	0.794941425054	0.668775132493	0.782409252855	0.732780135985	0.573524544508	0.827881356682	0.767232430488	0.689891984608	0.613236887438	0.63684728848	0.674170000134
E-TI-2014	0.85208383251	0.816428567534	0.866104166679	0.835491016801	0.810408678693	0.78638793264	0.845657168991	0.809644232774	0.868900914848	0.826912846795	0.841496363055	0.827309504781	0.830850054323	0.607066141228	0.76828246827	0.790241660815	0.0	0.74728922873	0.849817086932	0.763862403295	0.760929764707	0.856217045262	0.834941400885	0.819647312038	0.768312610073	0.777891602889	0.744854696702	0.824715352235	0.847321915138	0.849217536852	0.772269912148	0.728936461149	0.810121598092	0.81249025089	0.822226049326	0.865966780128	0.769662361973	0.75209897056	0.857509879316	0.755776257132	0.852660128717	0.835686995787	0.782678052526	0.828553397896	0.846928066666	0.818412107368	0.830513893262	0.769562212563	0.747394540211	0.848506232609	0.80582169134	0.840312095296	0.519622901436	0.805605674007	0.809518530421	0.85543794581	0.83900121994	0.812827623363	0.813406788109	0.845021512645
E-PM-Aug-2014	0.807571150479	0.697625013214	0.824820834402	0.778525657923	0.747973699345	0.669925981522	0.797027254313	0.762642537324	0.811620449051	0.745557778693	0.742044525379	0.776535333073	0.75233873934	0.765116855243	0.634643875206	0.680856992044	0.74728922873	0.0	0.798172332484	0.585633834665	0.62797945349	0.812585264416	0.787442216431	0.728021231846	0.505663103351	0.651739092251	0.55062406443	0.723843005641	0.800578138328	0.783298486596	0.674226247702	0.506225611085	0.780227735981	0.773815839861	0.743371225585	0.814804074418	0.582009336528	0.561644737317	0.816609912653	0.519110391854	0.804024181961	0.790820019566	0.653432858835	0.729095607413	0.790584216352	0.736485967484	0.782032665812	0.726499663858	0.577318852923	0.804649636102	0.688962513898	0.785058805539	0.712223723206	0.731781821259	0.786933099224	0.810845131604	0.782975516875	0.688629852926	0.713507313695	0.755284586783
E-SOG-1619	0.606872297536	0.648234252688	0.658796036735	0.716175154195	0.781417571467	0.679139576652	0.68507572437	0.795333956081	0.571387663738	0.635783135259	0.632923828259	0.815372545564	0.651931585133	0.814862530266	0.713263747411	0.698315085318	0.849817086932	0.798172332484	0.0	0.754766723005	0.73985766089	0.559035575605	0.63048892185	0.650802361324	0.70049763232	0.690842340259	0.708304016986	0.712881565249	0.601151208365	0.621396837744	0.664219353405	0.75018602178	0.800988301992	0.689845819728	0.671373109297	0.632760171847	0.725584733814	0.792990313497	0.607673347957	0.758371776894	0.597875956492	0.636200779741	0.683012314675	0.645255750865	0.509881733761	0.692417535461	0.7087467616	0.791716223875	0.725748855463	0.600314967502	0.688211544536	0.680488129523	0.807511854559	0.644098670668	0.79791467149	0.595923213369	0.575872197975	0.665972473252	0.700825985284	0.667721929825
E-DU-Jul-2014	0.808554037177	0.613538381335	0.831359494516	0.776671720887	0.788027558754	0.517936962141	0.794571069021	0.799688461473	0.812865380278	0.695675724724	0.69015077917	0.81143738682	0.652343693698	0.737048080667	0.48706263487	0.542139853286	0.763862403295	0.585633834665	0.754766723005	0.0	0.573795538441	0.805084182279	0.786863585752	0.643874856642	0.493110300446	0.526455658038	0.407339370604	0.638253116586	0.777635532272	0.786656416368	0.552544889887	0.570057655876	0.815882355881	0.780889329822	0.768656801695	0.826731594174	0.500917727318	0.610934567117	0.827325534264	0.493368637217	0.766172063599	0.794912673754	0.519831921783	0.66549127311	0.728497595869	0.667583139279	0.702397605455	0.78393330537	0.486557119786	0.796548782715	0.62844080999	0.784905242021	0.699998362565	0.655908331863	0.810866102633	0.805730093627	0.714888935325	0.619992080267	0.655670915128	0.689112464418
E-JP-2016	0.804620360677	0.692363548824	0.818818558927	0.766112475835	0.782792464805	0.397458377385	0.793031698381	0.800134228938	0.810244148244	0.704617703722	0.746499800109	0.806735866462	0.671236552163	0.712940440559	0.38749083151	0.390006983475	0.760929764707	0.62797945349	0.73985766089	0.573795538441	0.0	0.804452135334	0.789637589964	0.645503544729	0.640643909967	0.364844858182	0.5645928431	0.741131042685	0.76293632769	0.775092355759	0.492005829975	0.561432657824	0.799825813013	0.792060934477	0.758463372529	0.819736267878	0.516786624388	0.536227160448	0.821277770683	0.619287488922	0.79325605935	0.766096353341	0.361321529065	0.723989201311	0.759480607566	0.734109920703	0.670623049365	0.802009470765	0.62377800735	0.795360539331	0.692492395657	0.783343171478	0.69357342832	0.651226251195	0.802974876636	0.777074355207	0.745603498455	0.684030566365	0.678614281784	0.730120836042
E-JT-623	0.553409335294	0.765723280396	0.634052813229	0.732841077585	0.760916714028	0.780860469907	0.638251111481	0.777489506028	0.508868783396	0.732165998615	0.73294218029	0.780841872359	0.771363802336	0.834460920542	0.799851276046	0.801532379231	0.856217045262	0.812585264416	0.559035575605	0.805084182279	0.804452135334	0.0	0.625472611827	0.774505635863	0.765803939648	0.797959261382	0.783180940283	0.788471975722	0.663351392768	0.582536042082	0.768238132489	0.805419868207	0.786736779346	0.629955359523	0.628829478131	0.582162957245	0.796931980695	0.813039223464	0.57820748605	0.810225277085	0.620612212008	0.655349968478	0.771711726877	0.751774057334	0.630505820606	0.776662605736	0.813274689438	0.7666237142	0.799567253397	0.518864932888	0.795302866157	0.663494667728	0.823881508178	0.774957686047	0.776277653603	0.613267140166	0.673241561059	0.752379094562	0.766550308595	0.767371645738
E-LS-428	0.538503502692	0.736525384841	0.557693562309	0.723098515299	0.736049936354	0.768329254395	0.459458616196	0.762264964553	0.634780136353	0.70791820359	0.710488434855	0.777475736145	0.764828177252	0.83080208331	0.786593215576	0.789241336134	0.834941400885	0.787442216431	0.63048892185	0.786863585752	0.789637589964	0.625472611827	0.0	0.724752459834	0.770986419884	0.784276138308	0.769134477868	0.780879091853	0.644658840449	0.587501809204	0.756271661814	0.785723345633	0.75835576573	0.651528338218	0.626099619196	0.571990528428	0.795630868425	0.808266706342	0.592747977073	0.800088780897	0.568554061234	0.60211417058	0.766749818667	0.725474329884	0.677741245542	0.766724291466	0.783793071018	0.756701361636	0.786173053862	0.620260328812	0.766679425141	0.541721103361	0.809965842122	0.737471068073	0.746907244713	0.592406981403	0.6365125531	0.722811842479	0.770451691669	0.729669807306
E-SOG-4527	0.770559778169	0.580827776367	0.794956639209	0.787543270013	0.812713996251	0.556705589424	0.759164182466	0.830217327031	0.790430992692	0.598742941242	0.620927577343	0.830776132029	0.576059179422	0.784187294071	0.598227881822	0.581366679046	0.819647312038	0.728021231846	0.650802361324	0.643874856642	0.645503544729	0.774505635863	0.724752459834	0.0	0.627710488989	0.594431312188	0.61474569865	0.629066670319	0.646348215392	0.755997718112	0.586025825383	0.676134695457	0.829326356166	0.775861744478	0.741376082257	0.783560205173	0.632336332298	0.725930744967	0.790589045772	0.666219961633	0.718066739888	0.747645802477	0.577548763415	0.5719848214	0.629310822119	0.655303194908	0.588376660247	0.816365334732	0.657238406156	0.760638442255	0.606863925184	0.773530649962	0.758066309322	0.497474635197	0.82252397192	0.703962414048	0.667545500931	0.573062707723	0.62856816559	0.607173289438
E-WV-Aug-2014	0.79660457271	0.559786013225	0.816783945583	0.766944663089	0.773837978802	0.575802600425	0.788128910397	0.797452135868	0.77846320363	0.637159425839	0.628008763394	0.81265077989	0.586601289308	0.748313656105	0.572303609128	0.584695673113	0.768312610073	0.505663103351	0.70049763232	0.493110300446	0.640643909967	0.765803939648	0.770986419884	0.627710488989	0.0	0.585293227987	0.468354254917	0.614197730599	0.726653435945	0.762233386379	0.588148572362	0.512340114735	0.811169255922	0.777172454148	0.757447058098	0.803337189411	0.536885784617	0.64004586348	0.804517603863	0.426262504848	0.738707298002	0.753483467636	0.562865117977	0.603997698306	0.683705275743	0.645621496699	0.684301051801	0.786041604848	0.461643321117	0.763836038666	0.56421955169	0.764232767689	0.6816349286	0.648776408934	0.804362195541	0.779891943992	0.682056136793	0.571777482064	0.629745200026	0.646519756997
E-WC-2016	0.795670276567	0.627005740622	0.81696832017	0.748712632108	0.779758627239	0.330929609544	0.795836973805	0.798024463998	0.808498866574	0.633948922744	0.683447819924	0.807812178502	0.643224087521	0.724930431077	0.319738755066	0.353499261884	0.777891602889	0.651739092251	0.690842340259	0.526455658038	0.364844858182	0.797959261382	0.784276138308	0.594431312188	0.585293227987	0.0	0.541575941504	0.683211623061	0.717177307633	0.770204052717	0.41544860101	0.568192901263	0.79903498866	0.785778717376	0.765933093327	0.813580128347	0.491202750311	0.538390407886	0.81688580925	0.602763149104	0.757041163867	0.77025566647	0.322570550451	0.662737843876	0.710724996269	0.674173550322	0.610503862523	0.801693681563	0.556358144263	0.787814282218	0.62134106573	0.780693046049	0.691791834827	0.581574469855	0.795218221527	0.76454623979	0.702118388536	0.61072469292	0.670874979232	0.682903398386
E-PM-Jul-2014	0.793296520097	0.621224849145	0.815531462872	0.747762759288	0.797197416377	0.514473625152	0.780217569194	0.803197560064	0.800787238437	0.678209306496	0.657115695837	0.802483519038	0.620575119128	0.697204726261	0.511979668015	0.538930202284	0.744854696702	0.55062406443	0.708304016986	0.407339370604	0.5645928431	0.783180940283	0.769134477868	0.61474569865	0.468354254917	0.541575941504	0.0	0.632539019071	0.743573118265	0.777011378361	0.557102466873	0.509045648397	0.820762922288	0.785675260592	0.762188032182	0.810435044559	0.477089578616	0.601589830895	0.818397721348	0.463307877817	0.749173849099	0.739534300512	0.529560120353	0.644330230817	0.708076526587	0.656781927142	0.694330787947	0.79690250948	0.47751733144	0.786296699264	0.62404114433	0.776770686397	0.661491743676	0.645583901679	0.814977612546	0.778933878651	0.685439677116	0.596152747427	0.666827454261	0.653758173416
E-SOG-7424	0.788470494099	0.593742459268	0.825053831113	0.800825890824	0.821168206253	0.663920803584	0.793954717268	0.828295505093	0.795274421393	0.565809132566	0.497377035818	0.836494301003	0.601962543289	0.796764133687	0.688273630856	0.67237633506	0.824715352235	0.723843005641	0.712881565249	0.638253116586	0.741131042685	0.788471975722	0.780879091853	0.629066670319	0.614197730599	0.683211623061	0.632539019071	0.0	0.767324175929	0.763393568831	0.663591561667	0.706444699404	0.842948685024	0.802759700709	0.758691054738	0.822736576658	0.63741176252	0.736258183445	0.822117642747	0.65890134712	0.722778793018	0.683416445325	0.670705233271	0.445515396213	0.660867668088	0.453905369722	0.657233959193	0.82150809979	0.658317735883	0.765947499855	0.625160353588	0.771705078268	0.778379204887	0.65418301705	0.84061928838	0.778372560285	0.614318669314	0.511392842515	0.578622844069	0.444544653826
E-SOG-2527	0.648862115362	0.705898267411	0.677970161744	0.729668705916	0.770644849047	0.699392095169	0.68847809501	0.804579606955	0.678214536016	0.642532834602	0.662008625539	0.806525931825	0.724929918383	0.809827608901	0.744569192473	0.711411262166	0.847321915138	0.800578138328	0.601151208365	0.777635532272	0.76293632769	0.663351392768	0.644658840449	0.646348215392	0.726653435945	0.717177307633	0.743573118265	0.767324175929	0.0	0.698388045818	0.685521613075	0.77953102513	0.788822653509	0.737477029531	0.724141380233	0.62941469004	0.756070869694	0.806365916776	0.65040473794	0.781824141638	0.637135600364	0.672404575188	0.711321571587	0.656723436491	0.562273725131	0.741487427382	0.706121156553	0.801112261587	0.748538866755	0.677867784654	0.729540205035	0.707553305108	0.803715951598	0.589885658058	0.782347198666	0.589966009357	0.605375010695	0.678125538	0.757004799356	0.709498956752
E-LS-623	0.592525337408	0.747206233963	0.553005984403	0.747179974115	0.736323652211	0.767834119684	0.55057073204	0.741651319897	0.561880717368	0.728364942435	0.725390708398	0.770003314182	0.750589741319	0.829541208477	0.781539314719	0.795808832688	0.849217536852	0.783298486596	0.621396837744	0.786656416368	0.775092355759	0.582536042082	0.587501809204	0.755997718112	0.762233386379	0.770204052717	0.777011378361	0.763393568831	0.698388045818	0.0	0.756016405845	0.78649067574	0.764969249127	0.643170144654	0.506438662208	0.608053784825	0.786321522506	0.796149257024	0.610571605692	0.7928721589	0.599990622407	0.654281124344	0.754416349149	0.748892864699	0.664456770282	0.75099798079	0.798420768478	0.741508814621	0.77682785556	0.572126590187	0.778332018109	0.585212172985	0.810928601103	0.774132910464	0.759113913759	0.64205524846	0.686276115122	0.718108382338	0.772112426695	0.754370924278
E-TB-2016	0.779070694702	0.628810751704	0.801245681008	0.762605628091	0.79917779643	0.410496205369	0.772358064369	0.811911591661	0.784747714573	0.638351304034	0.647647597379	0.828437694367	0.638200111105	0.741433937683	0.408891388921	0.40564076887	0.772269912148	0.674226247702	0.664219353405	0.552544889887	0.492005829975	0.768238132489	0.756271661814	0.586025825383	0.588148572362	0.41544860101	0.557102466873	0.663591561667	0.685521613075	0.756016405845	0.0	0.595871963148	0.808478056536	0.790328321921	0.753268958581	0.795629825488	0.557346935255	0.633004179089	0.79795486466	0.615714669874	0.729677510815	0.745098474092	0.455807724782	0.623132742967	0.642888958659	0.635142061879	0.662266651002	0.805914069927	0.586193558678	0.769858826203	0.666263682139	0.767613440407	0.701965357594	0.574488588099	0.809882606456	0.738951427364	0.655757389627	0.595162572517	0.639745746859	0.640583941799
E-PM-Jula-2014	0.806669707373	0.647002850822	0.837478796466	0.801825853166	0.770390298671	0.559252658615	0.801628937699	0.787862847099	0.815626742205	0.713594786686	0.709345364843	0.803343119745	0.667768183281	0.692920669973	0.556104936958	0.616978350989	0.728936461149	0.506225611085	0.75018602178	0.570057655876	0.561432657824	0.805419868207	0.785723345633	0.676134695457	0.512340114735	0.568192901263	0.509045648397	0.706444699404	0.77953102513	0.78649067574	0.595871963148	0.0	0.793912238024	0.798441217369	0.756224357251	0.832447737591	0.517025436512	0.555561739937	0.831406545039	0.526955068972	0.789145508424	0.776397224684	0.592694990516	0.681621214475	0.767656239535	0.717355302007	0.745392676214	0.741816415602	0.473288103011	0.798792434168	0.656362762927	0.791197625873	0.622767738956	0.678690800747	0.804651312179	0.792792255706	0.733975496826	0.655756202245	0.701930074759	0.716696640854
E-Tca-7-2014	0.778327048665	0.796749138544	0.777560851457	0.709115634221	0.461934776334	0.810923253295	0.763174708328	0.466798900137	0.762307483523	0.8279398275	0.838201498742	0.535773096551	0.842742565091	0.80040353437	0.813861511283	0.829935728555	0.810121598092	0.780227735981	0.800988301992	0.815882355881	0.799825813013	0.786736779346	0.75835576573	0.829326356166	0.811169255922	0.79903498866	0.820762922288	0.842948685024	0.788822653509	0.764969249127	0.808478056536	0.793912238024	0.0	0.739455230773	0.724621771822	0.767329239539	0.819827998847	0.795690228417	0.779129815793	0.79106841174	0.786258518154	0.77982039613	0.804526336585	0.822512525876	0.813790139157	0.829987612989	0.822063859457	0.652001620157	0.787643195219	0.76573575575	0.816908081599	0.767331717156	0.788726039316	0.821333818464	0.203443445865	0.79529733867	0.802317735211	0.816546317066	0.835037649092	0.843871160523
E-FR-7-2014	0.616737237763	0.766027627642	0.662107693639	0.712020940274	0.689713689946	0.792708011175	0.659717918894	0.715044100827	0.59401831513	0.764497975309	0.780555635559	0.717219651484	0.801755357717	0.822028761559	0.796325537268	0.812791990065	0.81249025089	0.773815839861	0.689845819728	0.780889329822	0.792060934477	0.629955359523	0.651528338218	0.775861744478	0.777172454148	0.785778717376	0.785675260592	0.802759700709	0.737477029531	0.643170144654	0.790328321921	0.798441217369	0.739455230773	0.0	0.663884007652	0.671425727936	0.808015949557	0.807679650924	0.62654112739	0.783059154655	0.649412392454	0.706190906469	0.774879286852	0.782737432339	0.73393518901	0.802319414508	0.809683612007	0.688768027583	0.77510678405	0.635850376082	0.781299834259	0.616752913614	0.805812761323	0.787795766791	0.722274934428	0.649531433301	0.720780778211	0.779074865096	0.795902132274	0.794754764002
E-DS-623	0.648407541661	0.733266760748	0.641490524436	0.737848768461	0.692834572785	0.764084382006	0.612307801166	0.69796278631	0.613101287606	0.738943471467	0.730465968116	0.736839943948	0.751297325669	0.805394317654	0.772857449525	0.783319414125	0.822226049326	0.743371225585	0.671373109297	0.768656801695	0.758463372529	0.628829478131	0.626099619196	0.741376082257	0.757447058098	0.765933093327	0.762188032182	0.758691054738	0.724141380233	0.506438662208	0.753268958581	0.756224357251	0.724621771822	0.663884007652	0.0	0.660405797653	0.767091090444	0.770383184008	0.632131494376	0.764290047318	0.632214027122	0.667142205815	0.746926766714	0.751543495746	0.709888648664	0.737137832265	0.785209062547	0.680551888135	0.746193425451	0.607761934683	0.746272562989	0.609261891312	0.784642955552	0.758588349298	0.720266764865	0.686494980419	0.707742443919	0.699933591946	0.753701038988	0.765888875684
E-WP-526	0.444619530654	0.792557083398	0.515777011617	0.716241296725	0.750685457099	0.803852260989	0.58875067513	0.763589022102	0.53793177636	0.761360851109	0.75161219586	0.775345442108	0.804453468644	0.848487846893	0.819528510313	0.823099293827	0.865966780128	0.814804074418	0.632760171847	0.826731594174	0.819736267878	0.582162957245	0.571990528428	0.783560205173	0.803337189411	0.813580128347	0.810435044559	0.822736576658	0.62941469004	0.608053784825	0.795629825488	0.832447737591	0.767329239539	0.671425727936	0.660405797653	0.0	0.824354066364	0.834557873081	0.481717671208	0.826228960572	0.585413732326	0.615732768947	0.800103467311	0.786363036751	0.681403160737	0.796474424828	0.821916023486	0.776841188537	0.814747280732	0.557677242144	0.818129515759	0.570998725786	0.846118263752	0.795683445497	0.76149869261	0.542688183655	0.706682841398	0.76700196496	0.807109360267	0.794798479909
E-PM-2016	0.809097591609	0.600269421444	0.840911242637	0.740655021578	0.795977564586	0.462808430796	0.813530635524	0.809068905253	0.811191640608	0.660802372548	0.664136654743	0.822540947844	0.621034135358	0.697676196196	0.480098366856	0.481896995777	0.769662361973	0.582009336528	0.725584733814	0.500917727318	0.516786624388	0.796931980695	0.795630868425	0.632336332298	0.536885784617	0.491202750311	0.477089578616	0.63741176252	0.756070869694	0.786321522506	0.557346935255	0.517025436512	0.819827998847	0.808015949557	0.767091090444	0.824354066364	0.0	0.408647316719	0.82589509438	0.525090794692	0.762550263511	0.75944190069	0.477821357933	0.644577218337	0.728801904909	0.649529051507	0.664904207214	0.797640235056	0.582452502658	0.794552863136	0.625710090938	0.790509411537	0.711682626897	0.622287616469	0.819616152752	0.77891683905	0.702000680587	0.618507347475	0.665325452799	0.666280487248
E-BA-2016	0.82218879433	0.693086136624	0.835544658755	0.785623349363	0.772651839679	0.564451149895	0.819556583068	0.782070427065	0.834286142903	0.730723531631	0.747235431311	0.805449755993	0.707087162825	0.720873421883	0.52386714256	0.596341351549	0.75209897056	0.561644737317	0.792990313497	0.610934567117	0.536227160448	0.813039223464	0.808266706342	0.725930744967	0.64004586348	0.538390407886	0.601589830895	0.736258183445	0.806365916776	0.796149257024	0.633004179089	0.555561739937	0.795690228417	0.807679650924	0.770383184008	0.834557873081	0.408647316719	0.0	0.837281785012	0.642035738059	0.81178286727	0.793341799104	0.549049861286	0.744790564476	0.797027663895	0.73727437468	0.696504878412	0.780652980041	0.669282237566	0.809950940285	0.681250424386	0.802488210905	0.706234581207	0.703429591497	0.798839662715	0.804236759557	0.78149147441	0.715526652174	0.689321664133	0.752330485052
E-MT-526	0.45679878839	0.781190117506	0.549990963728	0.704229485979	0.755568370624	0.808878063764	0.594020944681	0.774409052228	0.499711376845	0.743061226818	0.762868337462	0.777210324691	0.798634912773	0.836732837304	0.828393147855	0.825420039457	0.857509879316	0.816609912653	0.607673347957	0.827325534264	0.821277770683	0.57820748605	0.592747977073	0.790589045772	0.804517603863	0.81688580925	0.818397721348	0.822117642747	0.65040473794	0.610571605692	0.79795486466	0.831406545039	0.779129815793	0.62654112739	0.632131494376	0.481717671208	0.82589509438	0.837281785012	0.0	0.833395161339	0.584624087032	0.629594756482	0.797359403154	0.772165839503	0.698908634453	0.78793847002	0.828407948941	0.762317364352	0.820866234287	0.540270414891	0.803698506551	0.58110353205	0.837265520147	0.787775425291	0.77267752806	0.550064740451	0.67858848553	0.755236964557	0.810359503854	0.788151212521
E-WV-Jula-2014	0.81815652128	0.611271783698	0.832528167981	0.759472567738	0.781218054861	0.61131255993	0.808720112396	0.793247854146	0.812464137217	0.691384874475	0.692083040991	0.80841518977	0.652862517694	0.726375804143	0.580150369271	0.61063485884	0.755776257132	0.519110391854	0.758371776894	0.493368637217	0.619287488922	0.810225277085	0.800088780897	0.666219961633	0.426262504848	0.602763149104	0.463307877817	0.65890134712	0.781824141638	0.7928721589	0.615714669874	0.526955068972	0.79106841174	0.783059154655	0.764290047318	0.826228960572	0.525090794692	0.642035738059	0.833395161339	0.0	0.775679175088	0.786448016744	0.598931436349	0.685285375881	0.745976413806	0.694068912727	0.734553439977	0.778335060583	0.410429984343	0.802395665954	0.624260706276	0.797799665835	0.675562951521	0.707389957828	0.793411582372	0.815355081309	0.737333168407	0.654119894621	0.703760782713	0.694216031625
E-WP-428	0.549582585692	0.705507633347	0.624056476539	0.731978708866	0.757884614977	0.737866213529	0.540506253246	0.777318348066	0.617308750865	0.687542848898	0.62971290305	0.793648284762	0.727388267905	0.833358273238	0.771580878372	0.762706751722	0.852660128717	0.804024181961	0.597875956492	0.766172063599	0.79325605935	0.620612212008	0.568554061234	0.718066739888	0.738707298002	0.757041163867	0.749173849099	0.722778793018	0.637135600364	0.599990622407	0.729677510815	0.789145508424	0.786258518154	0.649412392454	0.632214027122	0.585413732326	0.762550263511	0.81178286727	0.584624087032	0.775679175088	0.0	0.524560161823	0.735226029758	0.69959928551	0.633920192608	0.720886626159	0.767575542032	0.767088472702	0.759635542408	0.616217274878	0.74202572211	0.513390222766	0.818772944549	0.718922871968	0.776153963296	0.612111164604	0.588457158878	0.677819276442	0.751695322525	0.693030551583
E-JT-428	0.565610006278	0.735328273892	0.670390801217	0.731463698524	0.753977311044	0.750819876581	0.620555709305	0.773217752826	0.639412058318	0.696238858234	0.619901038262	0.791687737579	0.720914580083	0.799753358517	0.78548952168	0.762047636096	0.835686995787	0.790820019566	0.636200779741	0.794912673754	0.766096353341	0.655349968478	0.60211417058	0.747645802477	0.753483467636	0.77025566647	0.739534300512	0.683416445325	0.672404575188	0.654281124344	0.745098474092	0.776397224684	0.77982039613	0.706190906469	0.667142205815	0.615732768947	0.75944190069	0.793341799104	0.629594756482	0.786448016744	0.524560161823	0.0	0.757949952832	0.684591742836	0.639676288563	0.692695324014	0.782730355359	0.768627181027	0.773623705809	0.640742160045	0.76005894454	0.555903921412	0.805971148365	0.736432810155	0.778576850238	0.626335271114	0.55919561953	0.676107302612	0.730259887155	0.689027211512
E-DU-2016	0.790299407154	0.61049108004	0.80462418303	0.747622670823	0.767398621948	0.323893905305	0.77597978283	0.793775296535	0.78830054052	0.653953831142	0.658011368311	0.799712074748	0.627561176011	0.723680220185	0.347658355726	0.377447498983	0.782678052526	0.653432858835	0.683012314675	0.519831921783	0.361321529065	0.771711726877	0.766749818667	0.577548763415	0.562865117977	0.322570550451	0.529560120353	0.670705233271	0.711321571587	0.754416349149	0.455807724782	0.592694990516	0.804526336585	0.774879286852	0.746926766714	0.800103467311	0.477821357933	0.549049861286	0.797359403154	0.598931436349	0.735226029758	0.757949952832	0.0	0.644227217666	0.712413121423	0.680793839047	0.621271468791	0.796796599911	0.558085562614	0.772263407337	0.619001855065	0.757082900545	0.713216312831	0.601884581211	0.795920135077	0.755528025506	0.680079754612	0.594390591347	0.656753187124	0.668717989013
E-SOG-1424	0.754966216991	0.584030554436	0.796798550748	0.773626827467	0.807914499413	0.622082735106	0.763481745785	0.825740362117	0.754467259463	0.561289505714	0.479862251657	0.827953486274	0.592784183222	0.784452211231	0.665597505819	0.638990822365	0.828553397896	0.729095607413	0.645255750865	0.66549127311	0.723989201311	0.751774057334	0.725474329884	0.5719848214	0.603997698306	0.662737843876	0.644330230817	0.445515396213	0.656723436491	0.748892864699	0.623132742967	0.681621214475	0.822512525876	0.782737432339	0.751543495746	0.786363036751	0.644577218337	0.744790564476	0.772165839503	0.685285375881	0.69959928551	0.684591742836	0.644227217666	0.0	0.591665071515	0.493964180066	0.643113177956	0.812083980481	0.645904624147	0.733374396278	0.648581101855	0.741684298605	0.7736678298	0.568040336108	0.812928980423	0.715052487394	0.544694017582	0.450843174344	0.620252185128	0.431600851742
