	E-JT-526	E-SOG-4619	E-LS-526	E-CR-2016	E-TL-2016	E-VP-2016	E-DS-428	E-TL-Aug-2014	E-WP-623	E-SOG-6527	E-SOG-4424	E-TL-Jul-2014	E-SOG-5619	E-CB-2016	E-LH-2016	E-BP-2016	E-TI-2014	E-PM-Aug-2014	E-SOG-1619	E-DU-Jul-2014	E-JP-2016	E-JT-623	E-LS-428	E-SOG-4527	E-WV-Aug-2014	E-WC-2016	E-PM-Jul-2014	E-SOG-7424	E-SOG-2527	E-LS-623	E-TB-2016	E-PM-Jula-2014	E-Tca-7-2014	E-FR-7-2014	E-DS-623	E-WP-526	E-PM-2016	E-BA-2016	E-MT-526	E-WV-Jula-2014	E-WP-428	E-JT-428	E-DU-2016	E-SOG-1424	E-SOG-2619	E-SOG-6424	E-SOG-5527	E-BL-2016	E-DU-Jula-2014	E-MT-623	E-SOG-3619	E-MT-428	E-TC-2014	E-SOG-1527	E-T7-2014	E-SOG-3527	E-SOG-3424	E-SOG-2424	E-SOG-6619	E-SOG-5424
E-JT-526	0.0	0.746805762039	0.224838130338	0.347744917272	0.376195852811	0.386937990326	0.273830451668	0.440355920484	0.17722583327	0.40565749506	0.301427961312	0.41671480454	0.629616419653	0.835500859737	0.322275649759	0.35354122305	0.634207954713	0.388093116331	0.295211711351	0.507008909193	0.36889474024	0.188137620456	0.308181231032	0.383415443167	0.543583563879	0.320152733529	0.520295388357	0.364247410018	0.309548870104	0.302233623888	0.365736117802	0.43861527524	0.432257193922	0.453970131372	0.265679117494	0.13115565706	0.365360307864	0.412003826545	0.107284769876	0.401781960077	0.31966665116	0.372443900929	0.354121363368	0.333886586821	0.377876222196	0.381518266742	0.58636250871	0.422372399023	0.293474945497	0.192088563575	0.794984106649	0.422257762036	0.666913030802	0.457207691522	0.422241082141	0.234723609775	0.432620540274	0.339007388805	0.499046737125	0.340512412859
E-SOG-4619	0.746805762039	0.0	0.747239154569	0.786933906382	0.823171297041	0.670077578519	0.760228910159	0.758432648962	0.717961391034	0.708952292542	0.627384234854	0.766240791739	0.197376072673	0.678113647778	0.707533470172	0.773737162307	0.602276927283	0.726549451814	0.62734223825	0.901334187337	0.705143963968	0.718372784755	0.68024948676	0.76343215647	0.420993816854	0.717754866027	0.505798255864	0.676361447655	0.751190395627	0.754847808547	0.762529842615	0.553160709463	0.804139365695	0.605185825198	0.77355666073	0.760407665138	0.7680186799	0.806717814628	0.759877717941	0.604284779462	0.713792124302	0.639715960772	0.752275587155	0.688600344179	0.529909532815	0.667608133246	0.447537579453	0.787620455759	0.726208875412	0.724479546722	0.193580140962	0.586072798115	0.57582939389	0.535271549588	0.772128121978	0.684552394681	0.539277210227	0.71708910835	0.538915026378	0.647316288259
E-LS-526	0.224838130338	0.747239154569	0.0	0.370868293633	0.388406458397	0.416658463289	0.202918069924	0.415553705606	0.206191246795	0.454369760358	0.350362000841	0.414200168724	0.624853194681	0.856121223026	0.356190471551	0.40748423499	0.618774483961	0.431736749202	0.255990843622	0.566344632027	0.412643184887	0.21764691661	0.219837181086	0.364252363053	0.573223286822	0.380491448792	0.546158223538	0.429169222931	0.312176365279	0.204546215937	0.402708576704	0.477395865842	0.413277509413	0.438254048592	0.339482841262	0.24932588907	0.429724984708	0.471785399702	0.20404408474	0.441792929624	0.318696009578	0.43830539494	0.389735888756	0.388328912174	0.369298765374	0.436148144474	0.589016689205	0.442792834358	0.364248680406	0.288139516604	0.789881145797	0.484115943912	0.659666165403	0.425963561492	0.375591657099	0.232653659072	0.490603422777	0.420093424221	0.505034740734	0.363628144041
E-CR-2016	0.347744917272	0.786933906382	0.370868293633	0.0	0.436859171391	0.448058622794	0.344853051001	0.47842565891	0.32589899625	0.536250197706	0.441076632331	0.434520711901	0.685962495173	0.852972712502	0.406224849796	0.392909436211	0.625730702003	0.483658915553	0.389030927109	0.606792705884	0.444353615024	0.321327617421	0.423629513944	0.396208368076	0.630097203958	0.388282749306	0.585361384668	0.456744175358	0.368280525425	0.396017764245	0.396199408734	0.476927889181	0.455484546965	0.576194905287	0.382992859744	0.324367647991	0.437774900285	0.497655628274	0.320033139078	0.449074993405	0.478011620702	0.522945936	0.399595999585	0.473762519305	0.449296801023	0.490947080182	0.665523038348	0.430876300138	0.40596237254	0.404082872261	0.838015576937	0.583913604549	0.69394909153	0.513812493465	0.446144107495	0.385379225383	0.555217834311	0.436746344305	0.567516618122	0.453181752609
E-TL-2016	0.376195852811	0.823171297041	0.388406458397	0.436859171391	0.0	0.48975621025	0.396937481526	0.257580315127	0.401597233462	0.548240538463	0.446766516198	0.313778664099	0.730155925243	0.870497473718	0.365703461837	0.458920242015	0.7306442838	0.440982511255	0.465577817989	0.550320849262	0.445019193263	0.40456054385	0.439644902054	0.464913830874	0.625696375416	0.38858271617	0.598601507768	0.442372532802	0.441758913463	0.353242647205	0.48081802124	0.527623121053	0.262298538406	0.580202680417	0.393579730025	0.344808817788	0.463028554994	0.49149331728	0.342098509877	0.505201274766	0.432993534109	0.509972301971	0.404788492434	0.459121338939	0.503818973653	0.485212474083	0.680614159266	0.456232944164	0.401317943662	0.404387948328	0.847590482406	0.549781076485	0.734807940318	0.558088435969	0.235076658966	0.414070343562	0.577286526825	0.428166013612	0.603448237898	0.476675002204
E-VP-2016	0.386937990326	0.670077578519	0.416658463289	0.448058622794	0.48975621025	0.0	0.436158975417	0.468098339001	0.353313469633	0.441651813585	0.350253075723	0.479708095476	0.531341411206	0.645085067502	0.330927679664	0.284809083251	0.533909210857	0.466325418538	0.363150889681	0.593833904354	0.237104878795	0.372322407449	0.389815663247	0.394853566015	0.476885073286	0.31683163238	0.419822815248	0.442627363711	0.388955774541	0.396678953102	0.323433897884	0.311463347671	0.505950421265	0.513041492934	0.415127604821	0.397394610469	0.389708503619	0.458732788588	0.394750396643	0.298997245715	0.415874501722	0.419189512658	0.324461837989	0.408656639039	0.335904212354	0.415636609564	0.477419003522	0.52356518497	0.337751223246	0.405564736251	0.73202516731	0.490369311371	0.552629582638	0.345761884329	0.483928078661	0.387890024701	0.414531499788	0.426705033146	0.370540833399	0.349370061675
E-DS-428	0.273830451668	0.760228910159	0.202918069924	0.344853051001	0.396937481526	0.436158975417	0.0	0.402905619865	0.259300770884	0.501070251542	0.354126696213	0.401191195583	0.656456313262	0.845452045615	0.414050926951	0.422935604077	0.607338777111	0.479571620495	0.299357905995	0.592852152763	0.436444835322	0.266468769526	0.201241697874	0.356783570391	0.588325333729	0.433403275129	0.586939213348	0.464247028621	0.301405458319	0.220055890006	0.417315300771	0.468398669448	0.40556265732	0.428843629868	0.367342702694	0.309225835019	0.46921750099	0.51339365653	0.273893058516	0.430773704266	0.293467781905	0.421674180296	0.433251149258	0.425388132693	0.401778619795	0.479043292549	0.639788951486	0.415417489079	0.406189265301	0.338840628205	0.782784965055	0.470633769813	0.680388722184	0.435900509165	0.379661370823	0.288675256529	0.478853764232	0.426889066731	0.554586157813	0.407813969863
E-TL-Aug-2014	0.440355920484	0.758432648962	0.415553705606	0.47842565891	0.257580315127	0.468098339001	0.402905619865	0.0	0.436833257671	0.553642505644	0.44694964261	0.239633996391	0.673552984576	0.781712531799	0.431413896395	0.522024484316	0.640557398117	0.466723488498	0.445891591244	0.633350017186	0.405886785896	0.439011776558	0.426473215659	0.505285628408	0.593307859827	0.438864546363	0.56279159323	0.484895397879	0.453549963579	0.356172757371	0.529349823771	0.49203152168	0.239881153298	0.535429223346	0.465699960311	0.434494850674	0.520824261834	0.553785620903	0.430454699913	0.465003813016	0.434267830288	0.485073221491	0.433581676957	0.508199014896	0.478796648994	0.499571927413	0.635577092165	0.484423424978	0.453450378749	0.430251876411	0.779332392299	0.543351316878	0.657664624261	0.526515150724	0.192729937343	0.417177449128	0.552493091217	0.509446928058	0.568214362918	0.4772938598
E-WP-623	0.17722583327	0.717961391034	0.206191246795	0.32589899625	0.401597233462	0.353313469633	0.259300770884	0.436833257671	0.0	0.404401851139	0.307669700476	0.413381110748	0.591850533147	0.815887159082	0.36068703721	0.362426058264	0.613352096322	0.418892935938	0.230885938089	0.56127083186	0.358354734248	0.136246848964	0.2892233907	0.372613467809	0.523579518411	0.346891386182	0.518962872323	0.38914077522	0.288949346765	0.281223528562	0.371512532255	0.426866715822	0.433899664895	0.438758811093	0.320492080988	0.206213900324	0.405447650371	0.455075917096	0.180734989258	0.391726618771	0.347718293699	0.392589716509	0.341066146841	0.347738973899	0.325480279825	0.365968317818	0.555588915291	0.428272099533	0.314377538734	0.213489619653	0.769982827686	0.447019137959	0.635390989504	0.423036671493	0.409842822113	0.228418613368	0.428441524444	0.383489382817	0.46559693458	0.311547042743
E-SOG-6527	0.40565749506	0.708952292542	0.454369760358	0.536250197706	0.548240538463	0.441651813585	0.501070251542	0.553642505644	0.404401851139	0.0	0.326903787569	0.566961302288	0.576163849229	0.897012657815	0.345233275807	0.375914127258	0.712690180899	0.423316988597	0.452251600309	0.551402278144	0.380304689955	0.43092988132	0.505029239994	0.476300899279	0.575441681961	0.311043586899	0.535101495445	0.375704078138	0.468943304427	0.476498911474	0.437027148472	0.525139258203	0.573857842706	0.653595157325	0.38949705664	0.40328634306	0.373273951804	0.410870013186	0.428886606112	0.479779432848	0.526970047897	0.535107740866	0.385785642243	0.338703257697	0.394830278082	0.30661988948	0.476525011195	0.585852115311	0.334660259851	0.355902332896	0.799597542631	0.607712886466	0.709367546753	0.469027851468	0.534181966921	0.451553753454	0.495809812075	0.349674280067	0.429335051469	0.272287315915
E-SOG-4424	0.301427961312	0.627384234854	0.350362000841	0.441076632331	0.446766516198	0.350253075723	0.354126696213	0.44694964261	0.307669700476	0.326903787569	0.0	0.469224173487	0.5225483084	0.798382778705	0.291244835345	0.359100915909	0.622151992315	0.375838831835	0.312574916316	0.466072328441	0.321234357533	0.312821853162	0.346279517486	0.363162195489	0.4617835738	0.304262326649	0.42011321381	0.235462268447	0.375890578951	0.358496588394	0.353711210893	0.432346826357	0.477089740747	0.497832584461	0.349522162925	0.315616135646	0.364159454418	0.409292392712	0.325903387167	0.385937349226	0.374485970473	0.377808051872	0.359321499863	0.19757299855	0.289479758565	0.240314532632	0.49168506131	0.464201079238	0.278129691319	0.276907125131	0.703756748007	0.449341491047	0.623242673939	0.365885620545	0.437986666481	0.337017917278	0.330124206759	0.215715438498	0.424820307662	0.20174215604
E-TL-Jul-2014	0.41671480454	0.766240791739	0.414200168724	0.434520711901	0.313778664099	0.479708095476	0.401191195583	0.239633996391	0.413381110748	0.566961302288	0.469224173487	0.0	0.683418310557	0.803217280004	0.412687970585	0.482333746539	0.660794119186	0.466984160171	0.450015291848	0.617141955589	0.407309434545	0.400650027205	0.441102642035	0.470603472165	0.611329586576	0.420423854994	0.58933872906	0.468572505439	0.427594533996	0.368848079315	0.497233063451	0.496415941047	0.210809473198	0.534152371407	0.430133308555	0.405787702541	0.49728509782	0.528000730383	0.401560541391	0.486019696132	0.466360013572	0.49309861695	0.393852513683	0.486924406967	0.488553284714	0.500831758325	0.655497566463	0.420938464132	0.433902273741	0.432850745159	0.794549767994	0.554484249502	0.668131642073	0.541260427911	0.240309037602	0.434104689399	0.559553969896	0.477898902002	0.586455818453	0.482504254991
E-SOG-5619	0.629616419653	0.197376072673	0.624853194681	0.685962495173	0.730155925243	0.531341411206	0.656456313262	0.673552984576	0.591850533147	0.576163849229	0.5225483084	0.683418310557	0.0	0.701414299989	0.596162294707	0.633221655887	0.504887014699	0.630035710667	0.510503404351	0.823092405212	0.570751809854	0.59787292875	0.560079935227	0.646229739494	0.324469053894	0.586518831379	0.428689674969	0.609198610098	0.634738676626	0.644761110511	0.634999558832	0.443968284879	0.719558389028	0.513118736836	0.655242167742	0.644076647225	0.653904378245	0.689810946435	0.647195701763	0.49498552001	0.604944024131	0.52892005822	0.619674042047	0.580758706758	0.445053123438	0.575689285903	0.318200082645	0.7137091427	0.601215420884	0.610861787368	0.275000311388	0.491587280358	0.478574129065	0.425986567066	0.686894640733	0.566785989822	0.421698873951	0.637037341364	0.400474000527	0.512101942203
E-CB-2016	0.835500859737	0.678113647778	0.856121223026	0.852972712502	0.870497473718	0.645085067502	0.845452045615	0.781712531799	0.815887159082	0.897012657815	0.798382778705	0.803217280004	0.701414299989	0.0	0.823868092225	0.865202964572	0.728472144143	0.851570249105	0.809094638317	1.01982688602	0.726345714549	0.809628806421	0.821528197449	0.889189341255	0.744910531021	0.811934305062	0.781776588239	0.835416862733	0.841484667212	0.833253759443	0.865256701701	0.574384169565	0.83379316329	0.734463858844	0.855148460612	0.837430991589	0.872022162196	0.894251155297	0.842347259822	0.644158436282	0.824168679563	0.774273338885	0.828672975569	0.872176901007	0.794374789645	0.830630503382	0.802925583324	0.846150352005	0.804588887869	0.821968500349	0.691529326423	0.726199155254	0.566356919638	0.804779905012	0.819073964018	0.837958668223	0.732789223395	0.860820383234	0.834529451995	0.817481215244
E-LH-2016	0.322275649759	0.707533470172	0.356190471551	0.406224849796	0.365703461837	0.330927679664	0.414050926951	0.431413896395	0.36068703721	0.345233275807	0.291244835345	0.412687970585	0.596162294707	0.823868092225	0.0	0.280159810955	0.650582844242	0.285559642191	0.369549133615	0.410278770181	0.262855128961	0.351183642362	0.417792770538	0.329454331843	0.518656482709	0.14156008953	0.424510853716	0.323414849822	0.389624902797	0.372452826932	0.296816955007	0.470239745285	0.427685303493	0.575688550692	0.28207631182	0.277293064633	0.256796818643	0.302049096528	0.317317855168	0.415065969589	0.450044622091	0.48211929233	0.222955782688	0.324146905399	0.39198714136	0.359684193698	0.520632161867	0.460308077519	0.238601651633	0.314526477961	0.758754747822	0.534769018882	0.637072307036	0.405310920086	0.401672487442	0.354528633378	0.49791974831	0.275631580931	0.441771991315	0.334204141295
E-BP-2016	0.35354122305	0.773737162307	0.40748423499	0.392909436211	0.458920242015	0.284809083251	0.422935604077	0.522024484316	0.362426058264	0.375914127258	0.359100915909	0.482333746539	0.633221655887	0.865202964572	0.280159810955	0.0	0.611790377149	0.440514745407	0.414117837112	0.502406547065	0.299811498253	0.372507808204	0.461804008417	0.278734423978	0.584076055546	0.223584846383	0.517896079761	0.366761499835	0.33612438162	0.401863661439	0.190010628955	0.456147205619	0.509763932751	0.629484261219	0.320493281524	0.339938316516	0.287242802885	0.370657328586	0.349984173669	0.415579814039	0.500531179289	0.516996796954	0.251472341927	0.343503085343	0.42413277534	0.364608885288	0.545010454898	0.478669175146	0.315526395436	0.399984700558	0.842524703202	0.592580210215	0.67373781919	0.396436977082	0.511108903559	0.415427455977	0.50232250879	0.330172310253	0.426599180299	0.296112625813
E-TI-2014	0.634207954713	0.602276927283	0.618774483961	0.625730702003	0.7306442838	0.533909210857	0.607338777111	0.640557398117	0.613352096322	0.712690180899	0.622151992315	0.660794119186	0.504887014699	0.728472144143	0.650582844242	0.611790377149	0.0	0.65646629795	0.564233462233	0.86163410694	0.598199519827	0.608036650727	0.543068788217	0.587595081075	0.459497275055	0.644611883393	0.491453509134	0.686059465665	0.577207684741	0.628345518991	0.573585952557	0.408677521635	0.695721383502	0.546560237491	0.647687828927	0.650779771393	0.653353329422	0.708822408361	0.646823236353	0.45254386243	0.618628146857	0.588611523612	0.654069129778	0.69999744054	0.566720761289	0.679101084682	0.507790368816	0.687264352536	0.636568028683	0.649173774889	0.629666171702	0.547364120645	0.470994084561	0.483251102961	0.665500923691	0.588940281983	0.540781776946	0.699315019984	0.500462672223	0.607296602109
E-PM-Aug-2014	0.388093116331	0.726549451814	0.431736749202	0.483658915553	0.440982511255	0.466325418538	0.479571620495	0.466723488498	0.418892935938	0.423316988597	0.375838831835	0.466984160171	0.630035710667	0.851570249105	0.285559642191	0.440514745407	0.65646629795	0.0	0.423637994139	0.515843850963	0.386496940298	0.430713374399	0.462506339514	0.493572224587	0.467156181515	0.306723050757	0.466053159971	0.40710748084	0.473434760082	0.458816859014	0.450280368293	0.49304830928	0.473432379708	0.644995566629	0.323001060791	0.365224626651	0.307541479327	0.323045226074	0.40675536596	0.391064786254	0.520321664095	0.539046224877	0.401888280855	0.435705537122	0.441946411287	0.435136701524	0.569702676171	0.511134589438	0.249685485825	0.356171018573	0.770081798037	0.584532962902	0.678905096283	0.471216489029	0.442560627907	0.390976170419	0.571087164834	0.375754627694	0.489950549086	0.408892462654
E-SOG-1619	0.295211711351	0.62734223825	0.255990843622	0.389030927109	0.465577817989	0.363150889681	0.299357905995	0.445891591244	0.230885938089	0.452251600309	0.312574916316	0.450015291848	0.510503404351	0.809094638317	0.369549133615	0.414117837112	0.564233462233	0.423637994139	0.0	0.59490571855	0.387001495057	0.22079548905	0.268546165526	0.36352205755	0.479303189836	0.399690230448	0.442116621607	0.427195688931	0.276862203945	0.302625407442	0.386981863289	0.44803118111	0.469730220357	0.473159250942	0.388388936701	0.305458151639	0.446890139073	0.51171260968	0.284190751748	0.422337182168	0.35378392696	0.399631188332	0.403176524187	0.378687987059	0.21901883786	0.419911890316	0.506022575104	0.460601113395	0.387411392934	0.335273531386	0.677976090433	0.497585807351	0.59451359523	0.314841786824	0.430463899418	0.178668219387	0.433759512126	0.416987174127	0.410450010213	0.351687174548
E-DU-Jul-2014	0.507008909193	0.901334187337	0.566344632027	0.606792705884	0.550320849262	0.593833904354	0.592852152763	0.633350017186	0.56127083186	0.551402278144	0.466072328441	0.617141955589	0.823092405212	1.01982688602	0.410278770181	0.502406547065	0.86163410694	0.515843850963	0.59490571855	0.0	0.559666594031	0.55375776627	0.619712522161	0.532799929507	0.724281451706	0.446655788366	0.618181226657	0.442392379404	0.577341186115	0.558137657859	0.539771269605	0.651930904319	0.617568787924	0.752052964691	0.436132455167	0.473285956804	0.452732752059	0.496052517699	0.502860479027	0.60520563598	0.630380202467	0.685537336913	0.520335596608	0.401567425209	0.594622917584	0.49835093668	0.778670139631	0.59802725367	0.429206101602	0.518705679021	0.969563641463	0.729206654797	0.865234627599	0.662041193561	0.613129395839	0.594670664226	0.679736314056	0.340710306749	0.698767145006	0.547972287762
E-JP-2016	0.36889474024	0.705143963968	0.412643184887	0.444353615024	0.445019193263	0.237104878795	0.436444835322	0.405886785896	0.358354734248	0.380304689955	0.321234357533	0.407309434545	0.570751809854	0.726345714549	0.262855128961	0.299811498253	0.598199519827	0.386496940298	0.387001495057	0.559666594031	0.0	0.378004825027	0.441159135039	0.44413908875	0.514035508041	0.20506789196	0.421792893656	0.393841485036	0.41375288983	0.407784314944	0.352148446754	0.396189319985	0.449861690448	0.575312190828	0.381987679059	0.361529596256	0.362211405647	0.382933813972	0.379002632758	0.357850666851	0.469062947281	0.458614843939	0.276508291832	0.385823338532	0.387883753902	0.377443970504	0.480246224075	0.509507180566	0.309487000898	0.348071192275	0.768410233545	0.526148827107	0.5941086631	0.44131163882	0.421770154167	0.377938611578	0.469939432199	0.402463539655	0.407036792502	0.323801892163
E-JT-623	0.188137620456	0.718372784755	0.21764691661	0.321327617421	0.40456054385	0.372322407449	0.266468769526	0.439011776558	0.136246848964	0.43092988132	0.312821853162	0.400650027205	0.59787292875	0.809628806421	0.351183642362	0.372507808204	0.608036650727	0.430713374399	0.22079548905	0.55375776627	0.378004825027	0.0	0.291382289851	0.354054574936	0.542021065497	0.345215381273	0.52845186922	0.389953029625	0.302576049547	0.284905325457	0.374365516734	0.441769545068	0.437240688364	0.443037360611	0.312032745201	0.213798642637	0.40847772492	0.457611348164	0.19024284431	0.413455175635	0.351629025862	0.409944857886	0.342966405017	0.362598843568	0.333748766031	0.383057524671	0.577288667831	0.391130433365	0.321581805888	0.237246119522	0.769495521039	0.476028769559	0.628443440457	0.439488806359	0.409976603916	0.252786541418	0.459246399139	0.371581253878	0.482657378204	0.335833413249
E-LS-428	0.308181231032	0.68024948676	0.219837181086	0.423629513944	0.439644902054	0.389815663247	0.201241697874	0.426473215659	0.2892233907	0.505029239994	0.346279517486	0.441102642035	0.560079935227	0.821528197449	0.417792770538	0.461804008417	0.543068788217	0.462506339514	0.268546165526	0.619712522161	0.441159135039	0.291382289851	0.0	0.399984008116	0.490959370641	0.453339563846	0.480577017211	0.488296282736	0.350372155284	0.263233140581	0.452711758142	0.439107277514	0.456437261618	0.402643493877	0.385585763973	0.334624371311	0.483219017071	0.531850527124	0.317595242018	0.405452998477	0.269751607683	0.371299581899	0.45294118006	0.438950298508	0.319083108875	0.478019060443	0.533991281758	0.47834741002	0.426642941673	0.355567358	0.718670242245	0.420395563797	0.604880708495	0.344552761337	0.418420091215	0.256852291736	0.43001509259	0.455822017104	0.446405031683	0.402979641214
E-SOG-4527	0.383415443167	0.76343215647	0.364252363053	0.396208368076	0.464913830874	0.394853566015	0.356783570391	0.505285628408	0.372613467809	0.476300899279	0.363162195489	0.470603472165	0.646229739494	0.889189341255	0.329454331843	0.278734423978	0.587595081075	0.493572224587	0.36352205755	0.532799929507	0.44413908875	0.354054574936	0.399984008116	0.0	0.619360346415	0.382595515701	0.58494956977	0.410242785271	0.284785286484	0.341188487462	0.231578875327	0.506988928667	0.491306856889	0.575571154597	0.38267130733	0.36961596241	0.384324195017	0.46876873413	0.368551587771	0.471435846145	0.459022097483	0.525592980754	0.357161735637	0.375064939112	0.422396309152	0.450517219468	0.633746476707	0.471031224902	0.372384011102	0.424830188373	0.807950714459	0.595130627927	0.703976645889	0.336030876878	0.479001380179	0.394450858541	0.539300861992	0.377970716794	0.526186475957	0.387711095691
E-WV-Aug-2014	0.543583563879	0.420993816854	0.573223286822	0.630097203958	0.625696375416	0.476885073286	0.588325333729	0.593307859827	0.523579518411	0.575441681961	0.4617835738	0.611329586576	0.324469053894	0.744910531021	0.518656482709	0.584076055546	0.459497275055	0.467156181515	0.479303189836	0.724281451706	0.514035508041	0.542021065497	0.490959370641	0.619360346415	0.0	0.533331798564	0.23946799635	0.543546675778	0.583049228281	0.584757782378	0.584773547699	0.371177749029	0.641036493596	0.487808795764	0.578819724261	0.548465613439	0.589690021359	0.633748551433	0.555158338255	0.362680323731	0.561953058671	0.495745039264	0.56307908362	0.535140276812	0.426757130187	0.534323962541	0.216583145329	0.638183475127	0.468728504301	0.52448577662	0.367747785396	0.444984322208	0.540419334006	0.38834046709	0.608670257073	0.486431175271	0.426791000046	0.55557154387	0.334948004515	0.491752652444
E-WC-2016	0.320152733529	0.717754866027	0.380491448792	0.388282749306	0.38858271617	0.31683163238	0.433403275129	0.438864546363	0.346891386182	0.311043586899	0.304262326649	0.420423854994	0.586518831379	0.811934305062	0.14156008953	0.223584846383	0.644611883393	0.306723050757	0.399690230448	0.446655788366	0.20506789196	0.345215381273	0.453339563846	0.382595515701	0.533331798564	0.0	0.445047331578	0.325603903852	0.391811182341	0.402683188471	0.298594051773	0.452121021058	0.439329469583	0.601062205341	0.275740156386	0.279358156193	0.243532170216	0.272832166292	0.319643462656	0.399762146515	0.471520550426	0.485711932098	0.214575863204	0.329802334118	0.402776676039	0.338935109072	0.49549634304	0.463148849537	0.232224115139	0.309063703665	0.783554020636	0.552903321518	0.631487582842	0.453662880262	0.418552597713	0.381766479006	0.481698026378	0.28292860451	0.417143877592	0.298850541493
E-PM-Jul-2014	0.520295388357	0.505798255864	0.546158223538	0.585361384668	0.598601507768	0.419822815248	0.586939213348	0.56279159323	0.518962872323	0.535101495445	0.42011321381	0.58933872906	0.428689674969	0.781776588239	0.424510853716	0.517896079761	0.491453509134	0.466053159971	0.442116621607	0.618181226657	0.421792893656	0.52845186922	0.480577017211	0.58494956977	0.23946799635	0.445047331578	0.0	0.475465417382	0.566026252513	0.555465616306	0.526508221757	0.413986446153	0.606752319729	0.57372968538	0.533143694141	0.512095632421	0.506475045571	0.560847945353	0.533850664139	0.372592962346	0.544531006636	0.484261560741	0.499883028325	0.489453293398	0.376499797885	0.465462817188	0.270679852125	0.649240092608	0.45820996349	0.503638360992	0.473154047475	0.517087153465	0.569180483907	0.389007272278	0.568490869892	0.46561834985	0.448440515076	0.479997151426	0.258916190228	0.461075409147
E-SOG-7424	0.364247410018	0.676361447655	0.429169222931	0.456744175358	0.442372532802	0.442627363711	0.464247028621	0.484895397879	0.38914077522	0.375704078138	0.235462268447	0.468572505439	0.609198610098	0.835416862733	0.323414849822	0.366761499835	0.686059465665	0.40710748084	0.427195688931	0.442392379404	0.393841485036	0.389953029625	0.488296282736	0.410242785271	0.543546675778	0.325603903852	0.475465417382	0.0	0.442900012459	0.430239806748	0.387442391437	0.487784755534	0.481579775756	0.603851488641	0.361844926841	0.342832373692	0.364063101174	0.413579427909	0.360984176096	0.444850694909	0.505269582593	0.490864699529	0.380478387132	0.211641854886	0.373416086021	0.21894327023	0.56508558435	0.464804008967	0.321973863057	0.360067689086	0.759587897846	0.557522143636	0.693044020148	0.472209324287	0.472717973185	0.438232511067	0.453366658226	0.230399450824	0.491709386867	0.25035666546
E-SOG-2527	0.309548870104	0.751190395627	0.312176365279	0.368280525425	0.441758913463	0.388955774541	0.301405458319	0.453549963579	0.288949346765	0.468943304427	0.375890578951	0.427594533996	0.634738676626	0.841484667212	0.389624902797	0.33612438162	0.577207684741	0.473434760082	0.276862203945	0.577341186115	0.41375288983	0.302576049547	0.350372155284	0.284785286484	0.583049228281	0.391811182341	0.566026252513	0.442900012459	0.0	0.313246169587	0.328250197825	0.472229050714	0.444274754244	0.545194186601	0.35927003661	0.312874189281	0.417316583505	0.480036143668	0.304661006539	0.435033064747	0.397694291791	0.445472347651	0.395630867551	0.397723160986	0.352241776863	0.456807016318	0.610881225422	0.458319143017	0.382128365924	0.365880574595	0.795623405993	0.542128315292	0.66845550094	0.355996625905	0.429401646928	0.258523392151	0.481321510799	0.421815520902	0.505427400432	0.375443473866
E-LS-623	0.302233623888	0.754847808547	0.204546215937	0.396017764245	0.353242647205	0.396678953102	0.220055890006	0.356172757371	0.281223528562	0.476498911474	0.358496588394	0.368848079315	0.644761110511	0.833253759443	0.372452826932	0.401863661439	0.628345518991	0.458816859014	0.302625407442	0.558137657859	0.407784314944	0.284905325457	0.263233140581	0.341188487462	0.584757782378	0.402683188471	0.555465616306	0.430239806748	0.313246169587	0.0	0.40761311745	0.468651431302	0.357158212691	0.456508484651	0.324798073412	0.295898727791	0.43293052152	0.480990362443	0.281014082376	0.4472011143	0.321923045067	0.417319910646	0.393366927473	0.389553323609	0.372035135145	0.453963607233	0.609978121903	0.398995456069	0.366244273342	0.34333772559	0.79628470468	0.489828638535	0.658220887251	0.431602063968	0.336234759507	0.30140676171	0.485622747768	0.387286661848	0.515329662375	0.374486324695
E-TB-2016	0.365736117802	0.762529842615	0.402708576704	0.396199408734	0.48081802124	0.323433897884	0.417315300771	0.529349823771	0.371512532255	0.437027148472	0.353711210893	0.497233063451	0.634999558832	0.865256701701	0.296816955007	0.190010628955	0.573585952557	0.450280368293	0.386981863289	0.539771269605	0.352148446754	0.374365516734	0.452711758142	0.231578875327	0.584773547699	0.298594051773	0.526508221757	0.387442391437	0.328250197825	0.40761311745	0.0	0.464387053405	0.519769173437	0.635246816313	0.362488689418	0.355703514066	0.307216100918	0.401597429803	0.361910682052	0.425053894479	0.504115566358	0.527846209365	0.309422654729	0.385818599252	0.407799609883	0.419930938749	0.595746062141	0.505932946926	0.348176539669	0.411496229451	0.82689838775	0.597003838127	0.689360267267	0.374779379141	0.50651002493	0.408405547547	0.499948421397	0.372595299367	0.484441578965	0.355320820422
E-PM-Jula-2014	0.43861527524	0.553160709463	0.477395865842	0.476927889181	0.527623121053	0.311463347671	0.468398669448	0.49203152168	0.426866715822	0.525139258203	0.432346826357	0.496415941047	0.443968284879	0.574384169565	0.470239745285	0.456147205619	0.408677521635	0.49304830928	0.44803118111	0.651930904319	0.396189319985	0.441769545068	0.439107277514	0.506988928667	0.371177749029	0.452121021058	0.413986446153	0.487784755534	0.472229050714	0.468651431302	0.464387053405	0.0	0.531574297919	0.399193825081	0.461593341546	0.458773978507	0.478062312037	0.520127861364	0.450414025048	0.135992521404	0.454107435581	0.413410225598	0.461237680259	0.494609880235	0.43015017691	0.482530570777	0.445023459674	0.532108750361	0.402164616564	0.458077511876	0.613148090238	0.360657397406	0.462574927378	0.406402780458	0.516646622436	0.45790706705	0.350363316717	0.487210295952	0.447525056324	0.436814102626
E-Tca-7-2014	0.432257193922	0.804139365695	0.413277509413	0.455484546965	0.262298538406	0.505950421265	0.40556265732	0.239881153298	0.433899664895	0.573857842706	0.477089740747	0.210809473198	0.719558389028	0.83379316329	0.427685303493	0.509763932751	0.695721383502	0.473432379708	0.469730220357	0.617568787924	0.449861690448	0.437240688364	0.456437261618	0.491306856889	0.641036493596	0.439329469583	0.606752319729	0.481579775756	0.444274754244	0.357158212691	0.519769173437	0.531574297919	0.0	0.572846938679	0.456585217991	0.419524770554	0.51424500955	0.544036456777	0.41664358678	0.511578154178	0.449260853414	0.50875807016	0.428648268881	0.497287991588	0.515719553312	0.514708943949	0.679637822308	0.466742697556	0.444301568983	0.449351719222	0.823391967929	0.584256378223	0.708852119362	0.567982655596	0.101768407715	0.447424032788	0.587025217701	0.495907441528	0.612071590759	0.496200851568
E-FR-7-2014	0.453970131372	0.605185825198	0.438254048592	0.576194905287	0.580202680417	0.513041492934	0.428843629868	0.535429223346	0.438758811093	0.653595157325	0.497832584461	0.534152371407	0.513118736836	0.734463858844	0.575688550692	0.629484261219	0.546560237491	0.644995566629	0.473159250942	0.752052964691	0.575312190828	0.443037360611	0.402643493877	0.575571154597	0.487808795764	0.601062205341	0.57372968538	0.603851488641	0.545194186601	0.456508484651	0.635246816313	0.399193825081	0.572846938679	0.0	0.567935129834	0.491568739145	0.662909663676	0.690723648982	0.468074531873	0.45419514746	0.36065038983	0.341913434689	0.591994684606	0.576762135646	0.525834435367	0.592464357301	0.55914149799	0.576979213667	0.548298595764	0.480953761546	0.645414863454	0.193527869415	0.562331437952	0.535823898158	0.558886801998	0.486520297203	0.290926803558	0.610605717028	0.605164146299	0.554351634424
E-DS-623	0.265679117494	0.77355666073	0.339482841262	0.382992859744	0.393579730025	0.415127604821	0.367342702694	0.465699960311	0.320492080988	0.38949705664	0.349522162925	0.430133308555	0.655242167742	0.855148460612	0.28207631182	0.320493281524	0.647687828927	0.323001060791	0.388388936701	0.436132455167	0.381987679059	0.312032745201	0.385585763973	0.38267130733	0.578819724261	0.275740156386	0.533143694141	0.361844926841	0.35927003661	0.324798073412	0.362488689418	0.461593341546	0.456585217991	0.567935129834	0.0	0.228689567782	0.248859074399	0.288538313448	0.260855367288	0.422495208866	0.41005909069	0.4542435742	0.345036183836	0.369361879556	0.412872431659	0.403383652492	0.594245745791	0.381381983504	0.293439498756	0.290194239701	0.822819556117	0.513573697324	0.683497438834	0.481962665969	0.45155421547	0.349236736014	0.479747084191	0.290422879436	0.505469504553	0.360821049433
E-WP-526	0.13115565706	0.760407665138	0.24932588907	0.324367647991	0.344808817788	0.397394610469	0.309225835019	0.434494850674	0.206213900324	0.40328634306	0.315616135646	0.405787702541	0.644076647225	0.837430991589	0.277293064633	0.339938316516	0.650779771393	0.365224626651	0.305458151639	0.473285956804	0.361529596256	0.213798642637	0.334624371311	0.36961596241	0.548465613439	0.279358156193	0.512095632421	0.342832373692	0.312874189281	0.295898727791	0.355703514066	0.458773978507	0.419524770554	0.491568739145	0.228689567782	0.0	0.328996846872	0.37219557181	0.11823145093	0.409855548211	0.353648936982	0.395909915742	0.328495662005	0.348771348801	0.379242238282	0.383398668001	0.592351044889	0.397217420626	0.275231548559	0.200430169322	0.808484024512	0.448931134837	0.667295817436	0.474797747992	0.406571994317	0.235682342648	0.462808928583	0.308821964707	0.508331527271	0.356249632862
E-PM-2016	0.365360307864	0.7680186799	0.429724984708	0.437774900285	0.463028554994	0.389708503619	0.46921750099	0.520824261834	0.405447650371	0.373273951804	0.364159454418	0.49728509782	0.653904378245	0.872022162196	0.256796818643	0.287242802885	0.653353329422	0.307541479327	0.446890139073	0.452732752059	0.362211405647	0.40847772492	0.483219017071	0.384324195017	0.589690021359	0.243532170216	0.506475045571	0.364063101174	0.417316583505	0.43293052152	0.307216100918	0.478062312037	0.51424500955	0.662909663676	0.248859074399	0.328996846872	0.0	0.175521533666	0.36888634184	0.418645398915	0.507140933574	0.537442447093	0.342615446089	0.389511423727	0.444769110653	0.407392205375	0.588376407863	0.49239004517	0.304554890798	0.383085782969	0.83223855013	0.605017260062	0.711468632743	0.468791676194	0.498222153853	0.427745833167	0.528614433186	0.304930231492	0.481545147597	0.363273789233
E-BA-2016	0.412003826545	0.806717814628	0.471785399702	0.497655628274	0.49149331728	0.458732788588	0.51339365653	0.553785620903	0.455075917096	0.410870013186	0.409292392712	0.528000730383	0.689810946435	0.894251155297	0.302049096528	0.370657328586	0.708822408361	0.323045226074	0.51171260968	0.496052517699	0.382933813972	0.457611348164	0.531850527124	0.46876873413	0.633748551433	0.272832166292	0.560847945353	0.413579427909	0.480036143668	0.480990362443	0.401597429803	0.520127861364	0.544036456777	0.690723648982	0.288538313448	0.37219557181	0.175521533666	0.0	0.41271929554	0.474873411888	0.54809010206	0.575337183892	0.377684475552	0.433559184468	0.504425793231	0.454357048812	0.61969418937	0.519106249638	0.337741588784	0.412233960809	0.872068151342	0.631507836748	0.738282906251	0.540837975827	0.531006186198	0.483035566673	0.566715579511	0.350417663169	0.540996173145	0.411283323365
E-MT-526	0.107284769876	0.759877717941	0.20404408474	0.320033139078	0.342098509877	0.394750396643	0.273893058516	0.430454699913	0.180734989258	0.428886606112	0.325903387167	0.401560541391	0.647195701763	0.842347259822	0.317317855168	0.349984173669	0.646823236353	0.40675536596	0.284190751748	0.502860479027	0.379002632758	0.19024284431	0.317595242018	0.368551587771	0.555158338255	0.319643462656	0.533850664139	0.360984176096	0.304661006539	0.281014082376	0.361910682052	0.450414025048	0.41664358678	0.468074531873	0.260855367288	0.11823145093	0.36888634184	0.41271929554	0.0	0.415575689001	0.341486054734	0.388512216001	0.344810170559	0.343728589553	0.381427125713	0.391336573736	0.604305824202	0.393325095623	0.304972745112	0.221368796216	0.806271525133	0.438804655735	0.677586177165	0.461993724705	0.408569908121	0.226438434162	0.457098501123	0.336297407517	0.516222576814	0.360752294114
E-WV-Jula-2014	0.401781960077	0.604284779462	0.441792929624	0.449074993405	0.505201274766	0.298997245715	0.430773704266	0.465003813016	0.391726618771	0.479779432848	0.385937349226	0.486019696132	0.49498552001	0.644158436282	0.415065969589	0.415579814039	0.45254386243	0.391064786254	0.422337182168	0.60520563598	0.357850666851	0.413455175635	0.405452998477	0.471435846145	0.362680323731	0.399762146515	0.372592962346	0.444850694909	0.435033064747	0.4472011143	0.425053894479	0.135992521404	0.511578154178	0.45419514746	0.422495208866	0.409855548211	0.418645398915	0.474873411888	0.415575689001	0.0	0.43039633603	0.403903844177	0.426152242565	0.459429717891	0.412060738014	0.434691094916	0.454217490377	0.523518750182	0.307689849872	0.405980280156	0.659580626735	0.409070793515	0.519616382728	0.372681938751	0.486958657447	0.418715627955	0.368569656004	0.448760940101	0.409643939412	0.388438809143
E-WP-428	0.31966665116	0.713792124302	0.318696009578	0.478011620702	0.432993534109	0.415874501722	0.293467781905	0.434267830288	0.347718293699	0.526970047897	0.374485970473	0.466360013572	0.604944024131	0.824168679563	0.450044622091	0.500531179289	0.618628146857	0.520321664095	0.35378392696	0.630380202467	0.469062947281	0.351629025862	0.269751607683	0.459022097483	0.561953058671	0.471520550426	0.544531006636	0.505269582593	0.397694291791	0.321923045067	0.504115566358	0.454107435581	0.449260853414	0.36065038983	0.41005909069	0.353648936982	0.507140933574	0.54809010206	0.341486054734	0.43039633603	0.0	0.25744074551	0.476221805543	0.46410707373	0.387509740946	0.496102608938	0.589152540231	0.515289681875	0.460090845258	0.367756370561	0.74917857616	0.333857392714	0.66087848556	0.424585354956	0.43079502971	0.340818267934	0.33763515053	0.484064899864	0.516704741505	0.437125960535
E-JT-428	0.372443900929	0.639715960772	0.43830539494	0.522945936	0.509972301971	0.419189512658	0.421674180296	0.485073221491	0.392589716509	0.535107740866	0.377808051872	0.49309861695	0.52892005822	0.774273338885	0.48211929233	0.516996796954	0.588611523612	0.539046224877	0.399631188332	0.685537336913	0.458614843939	0.409944857886	0.371299581899	0.525592980754	0.495745039264	0.485711932098	0.484261560741	0.490864699529	0.445472347651	0.417319910646	0.527846209365	0.413410225598	0.50875807016	0.341913434689	0.4542435742	0.395909915742	0.537442447093	0.575337183892	0.388512216001	0.403903844177	0.25744074551	0.0	0.495962853142	0.475299067975	0.380313602554	0.494242162661	0.51696572289	0.528411583811	0.476507333578	0.400461415861	0.690806088646	0.257202491101	0.607223680071	0.431820087408	0.494447625601	0.39376865953	0.219779396631	0.491802086424	0.477227400452	0.442227070365
E-DU-2016	0.354121363368	0.752275587155	0.389735888756	0.399595999585	0.404788492434	0.324461837989	0.433251149258	0.433581676957	0.341066146841	0.385785642243	0.359321499863	0.393852513683	0.619674042047	0.828672975569	0.222955782688	0.251472341927	0.654069129778	0.401888280855	0.403176524187	0.520335596608	0.276508291832	0.342966405017	0.45294118006	0.357161735637	0.56307908362	0.214575863204	0.499883028325	0.380478387132	0.395630867551	0.393366927473	0.309422654729	0.461237680259	0.428648268881	0.591994684606	0.345036183836	0.328495662005	0.342615446089	0.377684475552	0.344810170559	0.426152242565	0.476221805543	0.495962853142	0.0	0.37576389707	0.428954317185	0.376544739577	0.540099996822	0.451253512598	0.3155637022	0.377029705236	0.806782921197	0.555493693734	0.645233652313	0.456425966102	0.421793697316	0.399885488783	0.502364877507	0.365161722346	0.451039986152	0.327894946259
E-SOG-1424	0.333886586821	0.688600344179	0.388328912174	0.473762519305	0.459121338939	0.408656639039	0.425388132693	0.508199014896	0.347738973899	0.338703257697	0.19757299855	0.486924406967	0.580758706758	0.872176901007	0.324146905399	0.343503085343	0.69999744054	0.435705537122	0.378687987059	0.401567425209	0.385823338532	0.362598843568	0.438950298508	0.375064939112	0.535140276812	0.329802334118	0.489453293398	0.211641854886	0.397723160986	0.389553323609	0.385818599252	0.494609880235	0.497287991588	0.576762135646	0.369361879556	0.348771348801	0.389511423727	0.433559184468	0.343728589553	0.459429717891	0.46410707373	0.475299067975	0.37576389707	0.0	0.347528787776	0.22812470486	0.523004048952	0.493238341541	0.308121739025	0.342131719351	0.767536713853	0.542587213304	0.690305819432	0.408537825464	0.488159972182	0.397713943702	0.423111375617	0.204523550959	0.474137488379	0.211410040493
